0
1
2
3
4
5
6
7
8
9
10
11
12
13
14
15
16
17
18
19
20
21
22
23
24
25
26
27
28
29
30
31
32
33
34
35
36
37
38
39
40
41
42
43
44
45
46
47
48
49
50
51
52
53
54
55
56
57
58
59
60
61
62
63
64
65
66
67
68
69
70
71
72
73
74
75
76
77
78
79
80
81
82
83
84
85
86
87
88
89
90
91
92
93
94
95
96
97
98
99
100
101
102
103
104
105
106
107
108
109
110
111
112
113
114
115
116
117
118
119
120
121
122
123
124
125
126
127
128
129
130
131
132
133
134
135
136
137
138
139
140
141
142
143
144
145
146
147
148
149
150
151
152
153
154
155
156
157
158
159
160
161
162
163
164
165
166
167
168
169
170
171
172
173
174
175
176
177
178
179
180
181
182
183
184
185
186
187
188
189
190
191
192
193
194
195
196
197
198
199
200
201
202
203
204
205
206
207
208
209
210
211
212
213
214
215
216
217
218
219
220
221
222
223
224
225
226
227
228
229
230
231
232
233
234
235
236
237
238
239
240
241
242
243
244
245
246
247
248
249
250
251
252
253
254
255
256
257
258
259
260
261
262
263
264
265
266
267
268
269
270
271
272
273
274
275
276
277
278
279
280
281
282
283
284
285
286
287
288
289
290
291
292
293
294
295
296
297
298
299
300
301
302
303
304
305
306
307
308
309
310
311
312
313
314
315
316
317
318
319
320
321
322
323
324
325
326
327
328
329
330
331
332
333
334
335
336
337
338
339
340
341
342
343
344
345
346
347
348
349
350
351
352
353
354
355
356
357
358
359
360
361
362
363
364
365
366
367
368
369
370
371
372
373
374
375
376
377
378
379
380
381
382
383
384
385
386
387
388
389
390
391
392
393
394
395
396
397
398
399
400
401
402
403
404
405
406
407
408
409
410
411
412
413
414
415
416
417
418
419
420
421
422
423
424
425
426
427
428
429
430
431
432
433
434
435
436
437
438
439
440
441
442
443
444
445
446
447
448
449
450
451
452
453
454
455
456
457
458
459
460
461
462
463
464
465
466
467
468
469
470
471
472
473
474
475
476
477
478
479
480
481
482
483
484
485
486
487
488
489
490
491
492
493
494
495
496
497
498
499
500
501
502
503
504
505
506
507
508
509
510
511
512
513
514
515
516
517
518
519
520
521
522
523
524
525
526
527
528
529
530
531
532
533
534
535
536
537
538
539
540
541
542
543
544
545
546
547
548
549
550
551
552
553
554
555
556
557
558
559
560
561
562
563
564
565
566
567
568
569
570
571
572
573
574
575
576
577
578
579
580
581
582
583
584
585
586
587
588
589
590
591
592
593
594
595
596
597
598
599
600
601
602
603
604
605
606
607
608
609
610
611
612
613
614
615
616
617
618
619
620
621
622
623
624
625
626
627
628
629
630
631
632
633
634
635
636
637
638
639
640
641
642
643
644
645
646
647
648
649
650
651
652
653
654
655
656
657
658
659
660
661
662
663
664
665
666
667
668
669
670
671
672
673
674
675
676
677
678
679
680
681
682
683
684
685
686
687
688
689
690
691
692
693
694
695
696
697
698
699
700
701
702
703
704
705
706
707
708
709
710
711
712
713
714
715
716
717
718
719
720
721
722
723
724
725
726
727
728
729
730
731
732
733
734
735
736
737
738
739
740
741
742
743
744
745
746
747
748
749
750
751
752
753
754
755
756
757
758
759
760
761
762
763
764
765
766
767
768
769
770
771
772
773
774
775
776
777
778
779
780
781
782
783
784
785
786
787
788
789
790
791
792
793
794
795
796
797
798
799
800
801
802
803
804
805
806
807
808
809
810
811
812
813
814
815
816
817
818
819
820
821
822
823
824
825
826
827
828
829
830
831
832
833
834
835
836
837
838
839
840
841
842
843
844
845
846
847
848
849
850
851
852
853
854
855
856
857
858
859
860
861
862
863
864
865
866
867
868
869
870
871
872
873
874
875
876
877
878
879
880
881
882
883
884
885
886
887
888
889
890
891
892
893
894
895
896
897
898
899
900
901
902
903
904
905
906
907
908
909
910
911
912
913
914
915
916
917
918
919
920
921
922
923
924
925
926
927
928
929
930
931
932
933
934
935
936
937
938
939
940
941
942
943
944
945
946
947
948
949
950
951
952
953
954
955
956
957
958
959
960
961
962
963
964
965
966
967
968
969
970
971
972
973
974
975
976
977
978
979
980
981
982
983
984
985
986
987
988
989
990
991
992
993
994
995
996
997
998
999
1000
1001
1002
1003
1004
1005
1006
1007
1008
1009
1010
1011
1012
1013
1014
1015
1016
1017
1018
1019
1020
1021
1022
1023
1024
1025
1026
1027
1028
1029
1030
1031
1032
1033
1034
1035
1036
1037
1038
1039
1040
1041
1042
1043
1044
1045
1046
1047
1048
1049
1050
1051
1052
1053
1054
1055
1056
1057
1058
1059
1060
1061
1062
1063
1064
1065
1066
1067
1068
1069
1070
1071
1072
1073
1074
1075
1076
1077
1078
1079
1080
1081
1082
1083
1084
1085
1086
1087
1088
1089
1090
1091
1092
1093
1094
1095
1096
1097
1098
1099
1100
1101
1102
1103
1104
1105
1106
1107
1108
1109
1110
1111
1112
1113
1114
1115
1116
1117
1118
1119
1120
1121
1122
1123
1124
1125
1126
1127
1128
1129
1130
1131
1132
1133
1134
1135
1136
1137
1138
1139
1140
1141
1142
1143
1144
1145
1146
1147
1148
1149
1150
1151
1152
1153
1154
1155
1156
1157
1158
1159
1160
1161
1162
1163
1164
1165
1166
1167
1168
1169
1170
1171
1172
1173
1174
1175
1176
1177
1178
1179
1180
1181
1182
1183
1184
1185
1186
1187
1188
1189
1190
1191
1192
1193
1194
1195
1196
1197
1198
1199
1200
1201
1202
1203
1204
1205
1206
1207
1208
1209
1210
1211
1212
1213
1214
1215
1216
1217
1218
1219
1220
1221
1222
1223
1224
1225
1226
1227
1228
1229
1230
1231
1232
1233
1234
1235
1236
1237
1238
1239
1240
1241
1242
1243
1244
1245
1246
1247
1248
1249
1250
1251
1252
1253
1254
1255
1256
1257
1258
1259
1260
1261
1262
1263
1264
1265
1266
1267
1268
1269
1270
1271
1272
1273
1274
1275
1276
1277
1278
1279
1280
1281
1282
1283
1284
1285
1286
1287
1288
1289
1290
1291
1292
1293
1294
1295
1296
1297
1298
1299
1300
1301
1302
1303
1304
1305
1306
1307
1308
1309
1310
1311
1312
1313
1314
1315
1316
1317
1318
1319
1320
1321
1322
1323
1324
1325
1326
1327
1328
1329
1330
1331
1332
1333
1334
1335
1336
1337
1338
1339
1340
1341
1342
1343
1344
1345
1346
1347
1348
1349
1350
1351
1352
1353
1354
1355
1356
1357
1358
1359
1360
1361
1362
1363
1364
1365
1366
1367
1368
1369
1370
1371
1372
1373
1374
1375
1376
1377
1378
1379
1380
1381
1382
1383
1384
1385
1386
1387
1388
1389
1390
1391
1392
1393
1394
1395
1396
1397
1398
1399
1400
1401
1402
1403
1404
1405
1406
1407
1408
1409
1410
1411
1412
1413
1414
1415
1416
1417
1418
1419
1420
1421
1422
1423
1424
1425
1426
1427
1428
1429
1430
1431
1432
1433
1434
1435
1436
1437
1438
1439
1440
1441
1442
1443
1444
1445
1446
1447
1448
1449
1450
1451
1452
1453
1454
1455
1456
1457
1458
1459
1460
1461
1462
1463
1464
1465
1466
1467
1468
1469
1470
1471
1472
1473
1474
1475
1476
1477
1478
1479
1480
1481
1482
1483
1484
1485
1486
1487
1488
1489
1490
1491
1492
1493
1494
1495
1496
1497
1498
1499
1500
1501
1502
1503
1504
1505
1506
1507
1508
1509
1510
1511
1512
1513
1514
1515
1516
1517
1518
1519
1520
1521
1522
1523
1524
1525
1526
1527
1528
1529
1530
1531
1532
1533
1534
1535
1536
1537
1538
1539
1540
1541
1542
1543
1544
1545
1546
1547
1548
1549
1550
1551
1552
1553
1554
1555
1556
1557
1558
1559
1560
1561
1562
1563
1564
1565
1566
1567
1568
1569
1570
1571
1572
1573
1574
1575
1576
1577
1578
1579
1580
1581
1582
1583
1584
1585
1586
1587
1588
1589
1590
1591
1592
1593
1594
1595
1596
1597
1598
1599
1600
1601
1602
1603
1604
1605
1606
1607
1608
1609
1610
1611
1612
1613
1614
1615
1616
1617
1618
1619
1620
1621
1622
1623
1624
1625
1626
1627
1628
1629
1630
1631
1632
1633
1634
1635
1636
1637
1638
1639
1640
1641
1642
1643
1644
1645
1646
1647
1648
1649
1650
1651
1652
1653
1654
1655
1656
1657
1658
1659
1660
1661
1662
1663
1664
1665
1666
1667
1668
1669
1670
1671
1672
1673
1674
1675
1676
1677
1678
1679
1680
1681
1682
1683
1684
1685
1686
1687
1688
1689
1690
1691
1692
1693
1694
1695
1696
1697
1698
1699
1700
1701
1702
1703
1704
1705
1706
1707
1708
1709
1710
1711
1712
1713
1714
1715
1716
1717
1718
1719
1720
1721
1722
1723
1724
1725
1726
1727
1728
1729
1730
1731
1732
1733
1734
1735
1736
1737
1738
1739
1740
1741
1742
1743
1744
1745
1746
1747
1748
1749
1750
1751
1752
1753
1754
1755
1756
1757
1758
1759
1760
1761
1762
1763
1764
1765
1766
1767
1768
1769
1770
1771
1772
1773
1774
1775
1776
1777
1778
1779
1780
1781
1782
1783
1784
1785
1786
1787
1788
1789
1790
1791
1792
1793
1794
1795
1796
1797
1798
1799
1800
1801
1802
1803
1804
1805
1806
1807
1808
1809
1810
1811
1812
1813
1814
1815
1816
1817
1818
1819
1820
1821
1822
1823
1824
1825
1826
1827
1828
1829
1830
1831
1832
1833
1834
1835
1836
1837
1838
1839
1840
1841
1842
1843
1844
1845
1846
1847
1848
1849
1850
1851
1852
1853
1854
1855
1856
1857
1858
1859
1860
1861
1862
1863
1864
1865
1866
1867
1868
1869
1870
1871
1872
1873
1874
1875
1876
1877
1878
1879
1880
1881
1882
1883
1884
1885
1886
1887
1888
1889
1890
1891
1892
1893
1894
1895
1896
1897
1898
1899
1900
1901
1902
1903
1904
1905
1906
1907
1908
1909
1910
1911
1912
1913
1914
1915
1916
1917
1918
1919
1920
1921
1922
1923
1924
1925
1926
1927
1928
1929
1930
1931
1932
1933
1934
1935
1936
1937
1938
1939
1940
1941
1942
1943
1944
1945
1946
1947
1948
1949
1950
1951
1952
1953
1954
1955
1956
1957
1958
1959
1960
1961
1962
1963
1964
1965
1966
1967
1968
1969
1970
1971
1972
1973
1974
1975
1976
1977
1978
1979
1980
1981
1982
1983
1984
1985
1986
1987
1988
1989
1990
1991
1992
1993
1994
1995
1996
1997
1998
1999
2000
2001
2002
2003
2004
2005
2006
2007
2008
2009
2010
229195
229196
229197
229198
229199
229200
229201
229202
229203
229204
229205
229206
229207
229208
229209
229210
229211
229212
229213
229214
229215
229216
229217
229218
229219
229220
229221
229222
229223
229224
229225
229226
229227
229228
229229
229230
229231
229232
229233
229234
229235
229236
229237
229238
229239
229240
229241
229242
229243
229244
229245
229246
229247
229248
229249
229250
229251
229252
229253
229254
229255
229256
229257
229258
229259
229260
229261
229262
229263
229264
229265
229266
229267
229268
229269
229270
229271
229272
229273
229274
229275
229276
229277
229278
229279
229280
229281
229282
229283
229284
229285
229286
229287
229288
229289
229290
229291
229292
229293
229294
229295
229296
229297
229298
229299
229300
229301
229302
229303
229304
229305
229306
229307
229308
229309
229310
229311
229312
229313
229314
229315
229316
229317
229318
229319
229320
229321
229322
229323
229324
229325
229326
229327
229328
229329
229330
229331
229332
229333
229334
229335
229336
229337
229338
229339
229340
229341
229342
229343
229344
229345
229346
229347
229348
229349
229350
229351
229352
229353
229354
229355
229356
229357
229358
229359
229360
229361
229362
229363
229364
229365
229366
229367
229368
229369
229370
229371
229372
229373
229374
229375
229376
229377
229378
229379
229380
229381
229382
229383
229384
229385
229386
229387
229388
229389
229390
229391
229392
229393
229394
229395
229396
229397
229398
229399
229400
229401
229402
229403
229404
229405
229406
229407
229408
229409
229410
229411
229412
229413
229414
229415
229416
229417
229418
229419
229420
229421
229422
229423
229424
229425
229426
229427
229428
229429
229430
229431
229432
229433
229434
229435
229436
229437
229438
229439
229440
229441
229442
229443
229444
229445
229446
229447
229448
229449
229450
229451
229452
229453
229454
229455
229456
229457
229458
229459
229460
229461
229462
229463
229464
229465
229466
229467
229468
229469
229470
229471
229472
229473
229474
229475
229476
229477
229478
229479
229480
229481
229482
229483
229484
229485
229486
229487
229488
229489
229490
229491
229492
229493
229494
229495
229496
229497
229498
229499
229500
229501
229502
229503
229504
229505
229506
229507
229508
229509
229510
229511
229512
229513
229514
229515
229516
229517
229518
229519
229520
229521
229522
229523
229524
229525
229526
229527
229528
229529
229530
229531
229532
229533
229534
229535
229536
229537
229538
229539
229540
229541
229542
229543
229544
229545
229546
229547
229548
229549
229550
229551
229552
229553
229554
229555
229556
229557
229558
229559
229560
229561
229562
229563
229564
229565
229566
229567
229568
229569
229570
229571
229572
229573
229574
229575
229576
229577
229578
229579
229580
229581
229582
229583
229584
229585
229586
229587
229588
229589
229590
229591
229592
229593
229594
229595
229596
229597
229598
229599
229600
229601
229602
229603
229604
229605
229606
229607
229608
229609
229610
229611
229612
229613
229614
229615
229616
229617
229618
229619
229620
229621
229622
229623
229624
229625
229626
229627
229628
229629
229630
229631
229632
229633
229634
229635
229636
229637
229638
229639
229640
229641
229642
229643
229644
229645
229646
229647
229648
229649
229650
229651
229652
229653
229654
229655
229656
229657
229658
229659
229660
229661
229662
229663
229664
229665
229666
229667
229668
229669
229670
229671
229672
229673
229674
229675
229676
229677
229678
229679
229680
229681
229682
229683
229684
229685
229686
229687
229688
229689
229690
229691
229692
229693
229694
229695
229696
229697
229698
229699
229700
229701
229702
229703
229704
229705
229706
229707
229708
229709
229710
229711
229712
229713
229714
229715
229716
229717
229718
229719
229720
229721
229722
229723
229724
229725
229726
229727
229728
229729
229730
229731
229732
229733
229734
229735
229736
229737
229738
229739
229740
229741
229742
229743
229744
229745
229746
229747
229748
229749
229750
229751
229752
229753
229754
229755
229756
229757
229758
229759
229760
229761
229762
229763
229764
229765
229766
229767
229768
229769
229770
229771
229772
229773
229774
229775
229776
229777
229778
229779
229780
229781
229782
229783
229784
229785
229786
229787
229788
229789
229790
229791
229792
229793
229794
229795
229796
229797
229798
229799
229800
229801
229802
229803
229804
229805
229806
229807
229808
229809
229810
229811
229812
229813
229814
229815
229816
229817
229818
229819
229820
229821
229822
229823
229824
229825
229826
229827
229828
229829
229830
229831
229832
229833
229834
229835
229836
229837
229838
229839
229840
229841
229842
229843
229844
229845
229846
229847
229848
229849
229850
229851
229852
229853
229854
229855
229856
229857
229858
229859
229860
229861
229862
229863
229864
229865
229866
229867
229868
229869
229870
229871
229872
229873
229874
229875
229876
229877
229878
229879
229880
229881
229882
229883
229884
229885
229886
229887
229888
229889
229890
229891
229892
229893
229894
229895
229896
229897
229898
229899
229900
229901
229902
229903
229904
229905
229906
229907
229908
229909
229910
229911
229912
229913
229914
229915
229916
229917
229918
229919
229920
229921
229922
229923
229924
229925
229926
229927
229928
229929
229930
229931
229932
229933
229934
229935
229936
229937
229938
229939
229940
229941
229942
229943
229944
229945
229946
229947
229948
229949
229950
229951
229952
229953
229954
229955
229956
229957
229958
229959
229960
229961
229962
229963
229964
229965
229966
229967
229968
229969
229970
229971
229972
229973
229974
229975
229976
229977
229978
229979
229980
229981
229982
229983
229984
229985
229986
229987
229988
229989
229990
229991
229992
229993
229994
229995
229996
229997
229998
229999
230000
230001
230002
230003
230004
230005
230006
230007
230008
230009
230010
230011
230012
230013
230014
230015
230016
230017
230018
230019
230020
230021
230022
230023
230024
230025
230026
230027
230028
230029
230030
230031
230032
230033
230034
230035
230036
230037
230038
230039
230040
230041
230042
230043
230044
230045
230046
230047
230048
230049
230050
230051
230052
230053
230054
230055
230056
230057
230058
230059
230060
230061
230062
230063
230064
230065
230066
230067
230068
230069
230070
230071
230072
230073
230074
230075
230076
230077
230078
230079
230080
230081
230082
230083
230084
230085
230086
230087
230088
230089
230090
230091
230092
230093
230094
230095
230096
230097
230098
230099
230100
230101
230102
230103
230104
230105
230106
230107
230108
230109
230110
230111
230112
230113
230114
230115
230116
230117
230118
230119
230120
230121
230122
230123
230124
230125
230126
230127
230128
230129
230130
230131
230132
230133
230134
230135
230136
230137
230138
230139
230140
230141
230142
230143
230144
230145
230146
230147
230148
230149
230150
230151
230152
230153
230154
230155
230156
230157
230158
230159
230160
230161
230162
230163
230164
230165
230166
230167
230168
230169
230170
230171
230172
230173
230174
230175
230176
230177
230178
230179
230180
230181
230182
230183
230184
230185
230186
230187
230188
230189
230190
230191
230192
230193
230194
230195
230196
230197
230198
230199
230200
230201
230202
230203
230204
230205
230206
230207
230208
230209
230210
230211
230212
230213
230214
230215
230216
230217
230218
230219
230220
230221
230222
230223
230224
230225
230226
230227
230228
230229
230230
230231
230232
230233
230234
230235
230236
230237
230238
230239
230240
230241
230242
230243
230244
230245
230246
230247
230248
230249
230250
230251
230252
230253
230254
230255
230256
230257
230258
230259
230260
230261
230262
230263
230264
230265
230266
230267
230268
230269
230270
230271
230272
230273
230274
230275
230276
230277
230278
230279
230280
230281
230282
230283
230284
230285
230286
230287
230288
230289
230290
230291
230292
230293
230294
230295
230296
230297
230298
230299
230300
230301
230302
230303
230304
230305
230306
230307
230308
230309
230310
230311
230312
230313
230314
230315
230316
230317
230318
230319
230320
230321
230322
230323
230324
230325
230326
230327
230328
230329
230330
230331
230332
230333
230334
230335
230336
230337
230338
230339
230340
230341
230342
230343
230344
230345
230346
230347
230348
230349
230350
230351
230352
230353
230354
230355
230356
230357
230358
230359
230360
230361
230362
230363
230364
230365
230366
230367
230368
230369
230370
230371
230372
230373
230374
230375
230376
230377
230378
230379
230380
230381
230382
230383
230384
230385
230386
230387
230388
230389
230390
230391
230392
230393
230394
230395
230396
230397
230398
230399
230400
230401
230402
230403
230404
230405
230406
230407
230408
230409
230410
230411
230412
230413
230414
230415
230416
230417
230418
230419
230420
230421
230422
230423
230424
230425
230426
230427
230428
230429
230430
230431
230432
230433
230434
230435
230436
230437
230438
230439
230440
230441
230442
230443
230444
230445
230446
230447
230448
230449
230450
230451
230452
230453
230454
230455
230456
230457
230458
230459
230460
230461
230462
230463
230464
230465
230466
230467
230468
230469
230470
230471
230472
230473
230474
230475
230476
230477
230478
230479
230480
230481
230482
230483
230484
230485
230486
230487
230488
230489
230490
230491
230492
230493
230494
230495
230496
230497
230498
230499
230500
230501
230502
230503
230504
230505
230506
230507
230508
230509
230510
230511
230512
230513
230514
230515
230516
230517
230518
230519
230520
230521
230522
230523
230524
230525
230526
230527
230528
230529
230530
230531
230532
230533
230534
230535
230536
230537
230538
230539
230540
230541
230542
230543
230544
230545
230546
230547
230548
230549
230550
230551
230552
230553
230554
230555
230556
230557
230558
230559
230560
230561
230562
230563
230564
230565
230566
230567
230568
230569
230570
230571
230572
230573
230574
230575
230576
230577
230578
230579
230580
230581
230582
230583
230584
230585
230586
230587
230588
230589
230590
230591
230592
230593
230594
230595
230596
230597
230598
230599
230600
230601
230602
230603
230604
230605
230606
230607
230608
230609
230610
230611
230612
230613
230614
230615
230616
230617
230618
230619
230620
230621
230622
230623
230624
230625
230626
230627
230628
230629
230630
230631
230632
230633
230634
230635
230636
230637
230638
230639
230640
230641
230642
230643
230644
230645
230646
230647
230648
230649
230650
230651
230652
230653
230654
230655
230656
230657
230658
230659
230660
230661
230662
230663
230664
230665
230666
230667
230668
230669
230670
230671
230672
230673
230674
230675
230676
230677
230678
230679
230680
230681
230682
230683
230684
230685
230686
230687
230688
230689
230690
230691
230692
230693
230694
230695
230696
230697
230698
230699
230700
230701
230702
230703
230704
230705
230706
230707
230708
230709
230710
230711
230712
230713
230714
230715
230716
230717
230718
230719
230720
230721
230722
230723
230724
230725
230726
230727
230728
230729
230730
230731
230732
230733
230734
230735
230736
230737
230738
230739
230740
230741
230742
230743
230744
230745
230746
230747
230748
230749
230750
230751
230752
230753
230754
230755
230756
230757
230758
230759
230760
230761
230762
230763
230764
230765
230766
230767
230768
230769
230770
230771
230772
230773
230774
230775
230776
230777
230778
230779
230780
230781
230782
230783
230784
230785
230786
230787
230788
230789
230790
230791
230792
230793
230794
230795
230796
230797
230798
230799
230800
230801
230802
230803
230804
230805
230806
230807
230808
230809
230810
230811
230812
230813
230814
230815
230816
230817
230818
230819
230820
230821
230822
230823
230824
230825
230826
230827
230828
230829
230830
230831
230832
230833
230834
230835
230836
230837
230838
230839
230840
230841
230842
230843
230844
230845
230846
230847
230848
230849
230850
230851
230852
230853
230854
230855
230856
230857
230858
230859
230860
230861
230862
230863
230864
230865
230866
230867
230868
230869
230870
230871
230872
230873
230874
230875
230876
230877
230878
230879
230880
230881
230882
230883
230884
230885
230886
230887
230888
230889
230890
230891
230892
230893
230894
230895
230896
230897
230898
230899
230900
230901
230902
230903
230904
230905
230906
230907
230908
230909
230910
230911
230912
230913
230914
230915
230916
230917
230918
230919
230920
230921
230922
230923
230924
230925
230926
230927
230928
230929
230930
230931
230932
230933
230934
230935
230936
230937
230938
230939
230940
230941
230942
230943
230944
230945
230946
230947
230948
230949
230950
230951
230952
230953
230954
230955
230956
230957
230958
230959
230960
230961
230962
230963
230964
230965
230966
230967
230968
230969
230970
230971
230972
230973
230974
230975
230976
230977
230978
230979
230980
230981
230982
230983
230984
230985
230986
230987
230988
230989
230990
230991
230992
230993
230994
230995
230996
230997
230998
230999
231000
231001
231002
231003
231004
231005
231006
231007
231008
231009
231010
231011
231012
231013
231014
231015
231016
231017
231018
231019
231020
231021
231022
231023
231024
231025
231026
231027
231028
231029
231030
231031
231032
231033
231034
231035
231036
231037
231038
231039
231040
231041
231042
231043
231044
231045
231046
231047
231048
231049
231050
231051
231052
231053
231054
231055
231056
231057
231058
231059
231060
231061
231062
231063
231064
231065
231066
231067
231068
231069
231070
231071
231072
231073
231074
231075
231076
231077
231078
231079
231080
231081
231082
231083
231084
231085
231086
231087
231088
231089
231090
231091
231092
231093
231094
231095
231096
231097
231098
231099
231100
231101
231102
231103
231104
231105
231106
231107
231108
231109
231110
231111
231112
231113
231114
231115
231116
231117
231118
231119
231120
231121
231122
231123
231124
231125
231126
231127
231128
231129
231130
231131
231132
231133
231134
231135
231136
231137
231138
231139
231140
231141
231142
231143
231144
231145
231146
231147
231148
231149
231150
231151
231152
231153
231154
231155
231156
231157
231158
231159
231160
231161
231162
231163
231164
231165
231166
231167
231168
231169
231170
231171
231172
231173
231174
231175
231176
231177
231178
231179
231180
231181
231182
231183
231184
231185
231186
231187
231188
231189
231190
231191
231192
231193
231194
231195
231196
231197
231198
231199
231200
231201
231202
231203
231204
231205
231206
231207
231208
231209
231210
231211
231212
231213
231214
231215
231216
231217
231218
231219
231220
231221
231222
231223
231224
231225
231226
231227
231228
231229
231230
231231
231232
231233
231234
231235
231236
231237
231238
231239
231240
231241
231242
231243
231244
231245
231246
231247
231248
231249
231250
231251
231252
231253
231254
231255
231256
231257
231258
231259
231260
231261
231262
231263
231264
231265
231266
231267
231268
231269
231270
231271
231272
231273
231274
231275
231276
231277
231278
231279
231280
231281
231282
231283
231284
231285
231286
231287
231288
231289
231290
231291
231292
231293
231294
231295
231296
231297
231298
231299
231300
231301
231302
231303
231304
231305
231306
231307
231308
231309
231310
231311
231312
231313
231314
231315
231316
231317
231318
231319
231320
231321
231322
231323
231324
231325
231326
231327
231328
231329
231330
231331
231332
231333
231334
231335
231336
231337
231338
231339
231340
231341
231342
231343
231344
231345
231346
231347
231348
231349
231350
231351
231352
231353
231354
231355
231356
231357
231358
231359
231360
231361
231362
231363
231364
231365
231366
231367
231368
231369
231370
231371
231372
231373
231374
231375
231376
231377
231378
231379
231380
231381
231382
231383
231384
231385
231386
231387
231388
231389
231390
231391
231392
231393
231394
231395
231396
231397
231398
231399
231400
231401
231402
231403
231404
231405
231406
231407
231408
231409
231410
231411
231412
231413
231414
231415
231416
231417
231418
231419
231420
231421
231422
231423
231424
231425
231426
231427
231428
231429
231430
231431
231432
231433
231434
231435
231436
231437
231438
231439
231440
231441
231442
231443
231444
231445
231446
231447
231448
231449
231450
231451
231452
231453
231454
231455
231456
231457
231458
231459
231460
231461
231462
231463
231464
231465
231466
231467
231468
231469
231470
231471
231472
231473
231474
231475
231476
231477
231478
231479
231480
231481
231482
231483
231484
231485
231486
231487
231488
231489
231490
231491
231492
231493
231494
231495
231496
231497
231498
231499
231500
231501
231502
231503
231504
231505
231506
231507
231508
231509
231510
231511
231512
231513
231514
231515
231516
231517
231518
231519
231520
231521
231522
231523
231524
231525
231526
231527
231528
231529
231530
231531
231532
231533
231534
231535
231536
231537
231538
231539
231540
231541
231542
231543
231544
231545
231546
231547
231548
231549
231550
231551
231552
231553
231554
231555
231556
231557
231558
231559
231560
231561
231562
231563
231564
231565
231566
231567
231568
231569
231570
231571
231572
231573
231574
231575
231576
231577
231578
231579
231580
231581
231582
231583
231584
231585
231586
231587
231588
231589
231590
231591
231592
231593
231594
231595
231596
231597
231598
231599
231600
231601
231602
231603
231604
231605
231606
231607
231608
231609
231610
