2 , 0
1.99938 , 0.0498614
1.99751 , 0.0996918
1.99441 , 0.14946
1.99006 , 0.199136
1.98448 , 0.248687
1.97766 , 0.298085
1.96962 , 0.347296
1.96034 , 0.396292
1.94986 , 0.445042
1.93815 , 0.493515
1.92525 , 0.541681
1.91115 , 0.58951
1.89585 , 0.636973
1.87939 , 0.68404
1.86175 , 0.730682
1.84295 , 0.77687
1.82301 , 0.822574
1.80194 , 0.867767
1.77974 , 0.912421
1.75644 , 0.956508
1.73205 , 1
1.70658 , 1.04287
1.68005 , 1.08509
1.65248 , 1.12664
1.62388 , 1.16749
1.59427 , 1.20761
1.56366 , 1.24698
1.53209 , 1.28558
1.49956 , 1.32337
1.4661 , 1.36035
1.43173 , 1.39647
1.39647 , 1.43173
1.36035 , 1.4661
1.32337 , 1.49956
1.28558 , 1.53209
1.24698 , 1.56366
1.20761 , 1.59427
1.16749 , 1.62388
1.12664 , 1.65248
1.08509 , 1.68005
1.04287 , 1.70658
1 , 1.73205
0.956508 , 1.75644
0.912421 , 1.77974
0.867767 , 1.80194
0.822574 , 1.82301
0.77687 , 1.84295
0.730682 , 1.86175
0.68404 , 1.87939
0.636973 , 1.89585
0.58951 , 1.91115
0.541681 , 1.92525
0.493515 , 1.93815
0.445042 , 1.94986
0.396292 , 1.96034
0.347296 , 1.96962
0.298085 , 1.97766
0.248687 , 1.98448
0.199136 , 1.99006
0.14946 , 1.99441
0.0996918 , 1.99751
0.0498614 , 1.99938
1.22465e-16 , 2
-0.0498614 , 1.99938
-0.0996918 , 1.99751
-0.14946 , 1.99441
-0.199136 , 1.99006
-0.248687 , 1.98448
-0.298085 , 1.97766
-0.347296 , 1.96962
-0.396292 , 1.96034
-0.445042 , 1.94986
-0.493515 , 1.93815
-0.541681 , 1.92525
-0.58951 , 1.91115
-0.636973 , 1.89585
-0.68404 , 1.87939
-0.730682 , 1.86175
-0.77687 , 1.84295
-0.822574 , 1.82301
-0.867767 , 1.80194
-0.912421 , 1.77974
-0.956508 , 1.75644
-1 , 1.73205
-1.04287 , 1.70658
-1.08509 , 1.68005
-1.12664 , 1.65248
-1.16749 , 1.62388
-1.20761 , 1.59427
-1.24698 , 1.56366
-1.28558 , 1.53209
-1.32337 , 1.49956
-1.36035 , 1.4661
-1.39647 , 1.43173
-1.43173 , 1.39647
-1.4661 , 1.36035
-1.49956 , 1.32337
-1.53209 , 1.28558
-1.56366 , 1.24698
-1.59427 , 1.20761
-1.62388 , 1.16749
-1.65248 , 1.12664
-1.68005 , 1.08509
-1.70658 , 1.04287
-1.73205 , 1
-1.75644 , 0.956508
-1.77974 , 0.912421
-1.80194 , 0.867767
-1.82301 , 0.822574
-1.84295 , 0.77687
-1.86175 , 0.730682
-1.87939 , 0.68404
-1.89585 , 0.636973
-1.91115 , 0.58951
-1.92525 , 0.541681
-1.93815 , 0.493515
-1.94986 , 0.445042
-1.96034 , 0.396292
-1.96962 , 0.347296
-1.97766 , 0.298085
-1.98448 , 0.248687
-1.99006 , 0.199136
-1.99441 , 0.14946
-1.99751 , 0.0996918
-1.99938 , 0.0498614
-2 , 2.44929e-16
-1.99938 , -0.0498614
-1.99751 , -0.0996918
-1.99441 , -0.14946
-1.99006 , -0.199136
-1.98448 , -0.248687
-1.97766 , -0.298085
-1.96962 , -0.347296
-1.96034 , -0.396292
-1.94986 , -0.445042
-1.93815 , -0.493515
-1.92525 , -0.541681
-1.91115 , -0.58951
-1.89585 , -0.636973
-1.87939 , -0.68404
-1.86175 , -0.730682
-1.84295 , -0.77687
-1.82301 , -0.822574
-1.80194 , -0.867767
-1.77974 , -0.912421
-1.75644 , -0.956508
-1.73205 , -1
-1.70658 , -1.04287
-1.68005 , -1.08509
-1.65248 , -1.12664
-1.62388 , -1.16749
-1.59427 , -1.20761
-1.56366 , -1.24698
-1.53209 , -1.28558
-1.49956 , -1.32337
-1.4661 , -1.36035
-1.43173 , -1.39647
-1.39647 , -1.43173
-1.36035 , -1.4661
-1.32337 , -1.49956
-1.28558 , -1.53209
-1.24698 , -1.56366
-1.20761 , -1.59427
-1.16749 , -1.62388
-1.12664 , -1.65248
-1.08509 , -1.68005
-1.04287 , -1.70658
-1 , -1.73205
-0.956508 , -1.75644
-0.912421 , -1.77974
-0.867767 , -1.80194
-0.822574 , -1.82301
-0.77687 , -1.84295
-0.730682 , -1.86175
-0.68404 , -1.87939
-0.636973 , -1.89585
-0.58951 , -1.91115
-0.541681 , -1.92525
-0.493515 , -1.93815
-0.445042 , -1.94986
-0.396292 , -1.96034
-0.347296 , -1.96962
-0.298085 , -1.97766
-0.248687 , -1.98448
-0.199136 , -1.99006
-0.14946 , -1.99441
-0.0996918 , -1.99751
-0.0498614 , -1.99938
-3.67394e-16 , -2
0.0498614 , -1.99938
0.0996918 , -1.99751
0.14946 , -1.99441
0.199136 , -1.99006
0.248687 , -1.98448
0.298085 , -1.97766
0.347296 , -1.96962
0.396292 , -1.96034
0.445042 , -1.94986
0.493515 , -1.93815
0.541681 , -1.92525
0.58951 , -1.91115
0.636973 , -1.89585
0.68404 , -1.87939
0.730682 , -1.86175
0.77687 , -1.84295
0.822574 , -1.82301
0.867767 , -1.80194
0.912421 , -1.77974
0.956508 , -1.75644
1 , -1.73205
1.04287 , -1.70658
1.08509 , -1.68005
1.12664 , -1.65248
1.16749 , -1.62388
1.20761 , -1.59427
1.24698 , -1.56366
1.28558 , -1.53209
1.32337 , -1.49956
1.36035 , -1.4661
1.39647 , -1.43173
1.43173 , -1.39647
1.4661 , -1.36035
1.49956 , -1.32337
1.53209 , -1.28558
1.56366 , -1.24698
1.59427 , -1.20761
1.62388 , -1.16749
1.65248 , -1.12664
1.68005 , -1.08509
1.70658 , -1.04287
1.73205 , -1
1.75644 , -0.956508
1.77974 , -0.912421
1.80194 , -0.867767
1.82301 , -0.822574
1.84295 , -0.77687
1.86175 , -0.730682
1.87939 , -0.68404
1.89585 , -0.636973
1.91115 , -0.58951
1.92525 , -0.541681
1.93815 , -0.493515
1.94986 , -0.445042
1.96034 , -0.396292
1.96962 , -0.347296
1.97766 , -0.298085
1.98448 , -0.248687
1.99006 , -0.199136
1.99441 , -0.14946
1.99751 , -0.0996918
1.99938 , -0.0498614
1.94496 , -0.0108368
1.94027 , 0.103017
1.93725 , 0.16098
1.9342 , 0.217925
1.92472 , 0.314736
1.92128 , 0.366706
1.89055 , 0.47106
1.8562 , 0.580022
1.81992 , 0.690114
1.7619 , 0.699295
1.77878 , 0.800127
1.75859 , 0.856364
1.69703 , 0.962682
1.66724 , 1.01227
1.63552 , 1.06152
1.60359 , 1.11091
1.53372 , 1.20814
1.45111 , 1.29452
1.41366 , 1.34049
1.32533 , 1.43554
1.27608 , 1.46787
1.23302 , 1.50704
1.19536 , 1.53799
1.15775 , 1.5688
1.1189 , 1.60399
1.06987 , 1.62393
0.970403 , 1.6848
0.867968 , 1.74208
0.816444 , 1.76986
0.763354 , 1.79777
0.707565 , 1.81975
0.650946 , 1.83868
0.538309 , 1.8756
0.481134 , 1.88933
0.424468 , 1.90021
0.368993 , 1.91227
0.266641 , 1.93247
0.218648 , 1.94062
0.121293 , 1.94383
0.065524 , 1.9442
0.00820644 , 1.94557
-0.0774624 , 1.89842
-0.162612 , 1.94096
-0.218233 , 1.93735
-0.266307 , 1.9298
-0.377247 , 1.90688
-0.487836 , 1.88078
-0.540324 , 1.87172
-0.592382 , 1.86492
-0.640955 , 1.84503
-0.738157 , 1.80974
-0.787898 , 1.7864
-0.838087 , 1.76139
-0.933874 , 1.70404
-1.03387 , 1.64859
-1.11995 , 1.59936
-1.19245 , 1.53787
-1.23681 , 1.50452
-1.29355 , 1.47285
-1.33828 , 1.42637
-1.37761 , 1.38038
-1.44106 , 1.32645
-1.51641 , 1.22977
-1.55225 , 1.18332
-1.52787 , 1.13036
-1.61381 , 1.0844
-1.64669 , 1.03778
-1.67715 , 0.996158
-1.70751 , 0.955842
-1.75291 , 0.85936
-1.77931 , 0.808382
-1.80463 , 0.754644
-1.82356 , 0.698399
-1.84015 , 0.643491
-1.86919 , 0.532654
-1.8976 , 0.42402
-1.92423 , 0.314589
-1.93655 , 0.259973
-1.93373 , 0.204024
-1.89274 , 0.112071
-1.95245 , 0.0497709
-1.94886 , -0.0536
-1.93784 , -0.169425
-1.93473 , -0.218
-1.92118 , -0.314079
-1.91339 , -0.362531
-1.89872 , -0.418228
-1.88436 , -0.474139
-1.85454 , -0.582652
-1.84153 , -0.6382
-1.82298 , -0.69191
-1.77272 , -0.792484
-1.72303 , -0.895127
-1.68131 , -0.994561
-1.61722 , -1.08329
-1.58312 , -1.12752
-1.54862 , -1.17307
-1.51479 , -1.21727
-1.44531 , -1.30727
-1.369 , -1.37843
-1.33396 , -1.42687
-1.28694 , -1.46317
-1.23996 , -1.49865
-1.19564 , -1.53641
-1.15789 , -1.56891
-1.11994 , -1.59941
-1.03622 , -1.65373
-0.988976 , -1.68009
-0.940368 , -1.70759
-0.887706 , -1.72877
-0.836839 , -1.75405
-0.733801 , -1.80361
-0.688859 , -1.76652
-0.623577 , -1.84116
-0.568754 , -1.86051
-0.457514 , -1.89274
-0.407966 , -1.90158
-0.34917 , -1.9102
-0.2931 , -1.92124
-0.237287 , -1.93369
-0.180708 , -1.9393
-0.0676054 , -1.95122
-0.0103206 , -1.95173
0.0478011 , -1.9506
0.104899 , -1.94671
0.16176 , -1.94279
0.218179 , -1.93743
0.276357 , -1.93477
0.335732 , -1.92525
0.448945 , -1.89141
0.505747 , -1.88104
0.562277 , -1.86432
0.618472 , -1.84714
0.674825 , -1.82969
0.782396 , -1.78418
0.897863 , -1.73284
0.959282 , -1.69709
1.00576 , -1.65973
1.08604 , -1.60725
1.13281 , -1.58557
1.15042 , -1.49386
1.24643 , -1.49074
1.33582 , -1.43028
1.36135 , -1.38407
1.45021 , -1.30331
1.48618 , -1.25651
1.52021 , -1.20834
1.55976 , -1.16554
1.62326 , -1.07439
1.62197 , -0.974257
1.70782 , -0.922882
1.76127 , -0.829301
1.81244 , -0.726828
1.83077 , -0.670781
1.84754 , -0.613879
1.8815 , -0.502096
1.89836 , -0.445039
1.91413 , -0.387253
1.92187 , -0.327841
1.93497 , -0.217977
1.94 , -0.169021
1.95266 , -0.118719
1.89602 , 0.011165
1.94802 , -0.0658941
1.89249 , 0.0698342
1.94302 , 0.0454436
1.88898 , 0.128281
1.92702 , 0.26603
1.8223 , 0.263778
1.90198 , 0.415425
1.87884 , 0.355227
1.87319 , 0.525277
1.8351 , 0.483213
1.83856 , 0.635255
1.78161 , 0.646229
1.79889 , 0.744469
1.72263 , 0.809169
1.72385 , 0.911601
1.63975 , 0.961399
1.60958 , 1.00913
1.57896 , 1.05689
1.5672 , 1.15723
1.54794 , 1.10443
1.49013 , 1.2499
1.47337 , 1.20252
1.39292 , 1.28555
1.372 , 1.39819
1.31446 , 1.38355
1.21834 , 1.4507
1.16185 , 1.42769
1.17108 , 1.48576
1.12557 , 1.52312
1.08408 , 1.56598
1.02038 , 1.65459
1.01928 , 1.59625
0.919325 , 1.71403
0.91995 , 1.65575
0.818403 , 1.71141
0.715564 , 1.76187
0.6621 , 1.78095
0.594118 , 1.85718
0.61469 , 1.75093
0.550637 , 1.81928
0.440131 , 1.84873
0.383768 , 1.8605
0.314585 , 1.92384
0.267396 , 1.87744
0.169965 , 1.94188
0.0930028 , 1.89347
0.0356107 , 1.89542
-0.0490914 , 1.94694
-0.106456 , 1.94632
-0.188392 , 1.88981
-0.281851 , 1.87449
-0.320477 , 1.91821
-0.43285 , 1.89099
-0.453631 , 1.83443
-0.512844 , 1.82572
-0.687082 , 1.81986
-0.575647 , 1.81785
-0.73967 , 1.75936
-0.789393 , 1.73562
-0.885233 , 1.73146
-0.836047 , 1.70522
-0.983657 , 1.67683
-1.07766 , 1.62359
-0.982922 , 1.61924
-1.16109 , 1.57319
-1.18431 , 1.48028
-1.23769 , 1.45216
-1.28105 , 1.41483
-1.3218 , 1.37294
-1.47712 , 1.27244
-1.32473 , 1.31669
-1.45899 , 1.2219
-1.47035 , 1.12379
-1.49425 , 1.17645
-1.58532 , 1.13502
-1.56008 , 1.08225
-1.62332 , 0.984758
-1.66742 , 0.934938
-1.72364 , 0.90787
-1.74603 , 0.7621
-1.6962 , 0.864495
-1.76752 , 0.709302
-1.78517 , 0.65587
-1.85609 , 0.588285
-1.883 , 0.477851
-1.82696 , 0.492648
-1.91187 , 0.369485
-1.87208 , 0.330886
-1.88423 , 0.275066
-1.93574 , 0.152008
-1.94432 , 0.0994093
-1.93946 , 0.00414907
-1.94392 , -0.111866
-1.87922 , -0.156855
-1.93366 , -0.266832
-1.86293 , -0.321719
-1.85752 , -0.377596
-1.84315 , -0.433603
-1.86874 , -0.529778
-1.80029 , -0.599097
-1.78928 , -0.650622
-1.76602 , -0.695039
-1.7974 , -0.74258
-1.74858 , -0.8426
-1.71395 , -0.794977
-1.70668 , -0.946674
-1.66377 , -0.899654
-1.65017 , -1.03814
-1.55919 , -1.07313
-1.52687 , -1.12022
-1.49059 , -1.16416
-1.48018 , -1.26248
-1.41397 , -1.35025
-1.32577 , -1.31986
-1.2728 , -1.41068
-1.22648 , -1.4435
-1.18278 , -1.47984
-1.12844 , -1.45943
-1.13782 , -1.51689
-1.07965 , -1.62672
-0.99693 , -1.61971
-0.949985 , -1.6518
-0.89642 , -1.6736
-0.843881 , -1.69135
-0.792929 , -1.71759
-0.78559 , -1.77945
-0.678536 , -1.82199
-0.579836 , -1.80322
-0.514975 , -1.88279
-0.428422 , -1.83788
-0.370554 , -1.85478
-0.311183 , -1.86373
-0.203888 , -1.88662
-0.124432 , -1.94694
-0.0938214 , -1.90149
-0.0383287 , -1.90319
0.0740281 , -1.89968
0.0993322 , -1.84862
0.186013 , -1.89144
0.242826 , -1.88886
0.299206 , -1.88284
0.391732 , -1.90475
0.475909 , -1.7771
0.520812 , -1.82812
0.575595 , -1.80713
0.629461 , -1.79092
0.72775 , -1.80323
0.84208 , -1.76264
0.906651 , -1.67614
0.950008 , -1.63844
1.0509 , -1.64276
1.05526 , -1.55495
1.1697 , -1.54935
1.20725 , -1.51858
1.29019 , -1.45853
1.24701 , -1.43383
1.30622 , -1.34653
1.40873 , -1.34867
1.40149 , -1.29175
1.43559 , -1.2455
1.46912 , -1.19895
1.59694 , -1.12047
1.65162 , -1.02407
1.56532 , -1.07227
1.68023 , -0.973292
1.73594 , -0.874251
1.67787 , -0.871637
1.78813 , -0.781328
1.77336 , -0.683163
1.79099 , -0.627552
1.86423 , -0.557909
1.84089 , -0.460709
1.85666 , -0.405131
1.87135 , -0.351359
1.92747 , -0.270396
1.88247 , -0.174497
1.90368 , -0.113387
1.85221 , -0.0867199
1.84457 , 0.0370518
1.89863 , -0.048816
1.8415 , 0.09527
1.88442 , 0.186207
1.87554 , 0.23534
1.87332 , 0.293712
1.85236 , 0.431689
1.81764 , 0.537376
1.78069 , 0.493481
1.80032 , 0.591958
1.74129 , 0.753743
1.72396 , 0.654934
1.68351 , 0.762855
1.66702 , 0.814999
1.66791 , 0.912983
1.69999 , 0.863061
1.52277 , 1.05428
1.58261 , 0.958233
1.50971 , 1.15779
1.49188 , 1.10785
1.42906 , 1.23946
1.45281 , 1.14954
1.34498 , 1.2888
1.36835 , 1.23154
1.26709 , 1.41814
1.35742 , 1.34383
1.2599 , 1.36246
1.15886 , 1.36884
1.11601 , 1.46478
1.07503 , 1.50746
0.970038 , 1.62656
1.02837 , 1.54458
0.869439 , 1.68353
0.870492 , 1.62489
0.767013 , 1.73897
0.659095 , 1.72143
0.768605 , 1.68091
0.606533 , 1.80338
0.496023 , 1.83474
0.400661 , 1.80675
0.325544 , 1.8687
0.232115 , 1.83729
0.20897 , 1.8883
0.14988 , 1.88929
0.0625679 , 1.84491
-0.0216542 , 1.89671
-0.0525168 , 1.84824
-0.13314 , 1.89654
-0.213135 , 1.79684
-0.27196 , 1.81779
-0.339132 , 1.86329
-0.394694 , 1.84467
-0.475237 , 1.77856
-0.533566 , 1.77053
-0.684454 , 1.76051
-0.634062 , 1.79315
-0.777273 , 1.69045
-0.884308 , 1.67559
-0.833754 , 1.6493
-0.933228 , 1.64682
-1.03199 , 1.58985
-0.98162 , 1.56166
-1.13399 , 1.52983
-1.18694 , 1.42226
-1.22647 , 1.39382
-1.31115 , 1.2607
-1.42053 , 1.27259
-1.38279 , 1.32452
-1.40147 , 1.21795
-1.50486 , 1.0773
-1.43434 , 1.16981
-1.58838 , 1.03167
-1.6082 , 0.928877
-1.64126 , 0.8794
-1.66637 , 0.821332
-1.71108 , 0.717561
-1.72253 , 0.813811
-1.74648 , 0.610248
-1.80178 , 0.602146
-1.8422 , 0.437716
-1.78673 , 0.450915
-1.85766 , 0.384523
-1.83344 , 0.291209
-1.87926 , 0.219054
-1.87951 , 0.169453
-1.85189 , 0.0699731
-1.89845 , -0.0403215
-1.88817 , -0.0985556
-1.87742 , -0.206953
-1.83151 , -0.120535
-1.8797 , -0.265477
-1.80119 , -0.331048
-1.80176 , -0.393357
-1.82853 , -0.489071
-1.81149 , -0.543842
-1.74206 , -0.626062
-1.70905 , -0.695056
-1.73953 , -0.744301
-1.68925 , -0.846538
-1.65422 , -0.949529
-1.60894 , -0.922256
-1.59598 , -1.03316
-1.47436 , -1.10791
-1.43362 , -1.15149
-1.45796 , -1.21045
-1.4229 , -1.25512
-1.38616 , -1.3204
-1.31627 , -1.37448
-1.26839 , -1.35445
-1.17258 , -1.42176
-1.11832 , -1.40004
-1.08451 , -1.49742
-1.0441 , -1.58683
-0.947359 , -1.59527
-0.798461 , -1.65581
-0.904196 , -1.62491
-0.746741 , -1.68371
-0.741634 , -1.74355
-0.643709 , -1.72882
-0.634128 , -1.78432
-0.525573 , -1.82311
-0.478502 , -1.8428
-0.368728 , -1.81613
-0.30974 , -1.80379
-0.257898 , -1.88367
-0.196358 , -1.82954
-0.0761549 , -1.84956
-0.0154353 , -1.85399
0.0177075 , -1.90277
0.130392 , -1.89575
0.0432418 , -1.85266
0.21175 , -1.84119
0.2659 , -1.83776
0.353929 , -1.8684
0.409197 , -1.84844
0.466346 , -1.83518
0.530933 , -1.77508
0.571577 , -1.73753
0.681162 , -1.77617
0.738452 , -1.74544
0.844526 , -1.69948
0.871877 , -1.64692
0.964831 , -1.59656
1.02145 , -1.60142
1.11191 , -1.53831
1.11079 , -1.45052
1.19667 , -1.45946
1.29364 , -1.4018
1.2023 , -1.40068
1.30957 , -1.2883
1.36182 , -1.2655
1.355 , -1.32533
1.4229 , -1.16932
1.54288 , -1.11967
1.55787 , -0.979051
1.5935 , -1.02466
1.5004 , -1.08746
1.64885 , -0.922954
1.70177 , -0.815326
1.6359 , -0.788507
1.76079 , -0.735578
1.73289 , -0.781092
1.80753 , -0.571723
1.75079 , -0.584307
1.73453 , -0.639768
1.82426 , -0.516019
1.80073 , -0.418887
1.81522 , -0.364329
1.87572 , -0.292072
1.87886 , -0.233247
1.84697 , -0.147741
1.8481 , -0.0216935
1.79412 , 0.0654517
1.79839 , 0.00244275
1.83621 , 0.152803
1.78547 , 0.124062
1.82499 , 0.203233
1.77608 , 0.352516
1.8269 , 0.324102
1.82548 , 0.384688
1.76285 , 0.547907
1.79855 , 0.439195
1.74412 , 0.60198
1.70372 , 0.7089
1.68592 , 0.610742
1.62553 , 0.772446
1.61105 , 0.816654
1.61076 , 0.910937
1.64102 , 0.86387
1.47335 , 1.05608
1.55202 , 1.00641
1.43666 , 1.09735
1.44322 , 1.03283
1.40734 , 1.18425
1.30445 , 1.32796
1.31216 , 1.25549
1.21022 , 1.33703
1.26706 , 1.30149
1.21128 , 1.39555
1.10053 , 1.40033
1.06632 , 1.44845
1.02262 , 1.48801
0.92175 , 1.59756
0.970801 , 1.5624
0.819778 , 1.65298
0.87263 , 1.56666
0.773735 , 1.62376
0.574033 , 1.71728
0.666263 , 1.66237
0.561957 , 1.76813
0.455817 , 1.79479
0.345479 , 1.8186
0.288941 , 1.82273
0.248291 , 1.78372
0.176202 , 1.83882
0.119471 , 1.84074
0.00535343 , 1.84683
-0.0246836 , 1.79817
-0.0814993 , 1.79883
-0.11179 , 1.84689
-0.22703 , 1.85383
-0.328492 , 1.81438
-0.416191 , 1.78789
-0.364572 , 1.79307
-0.488005 , 1.72013
-0.587968 , 1.75649
-0.718939 , 1.71131
-0.728149 , 1.65849
-0.88237 , 1.61909
-0.83181 , 1.59224
-0.931358 , 1.58953
-1.08301 , 1.56082
-1.03177 , 1.53236
-1.12717 , 1.47119
-1.16717 , 1.36674
-1.2719 , 1.35716
-1.26884 , 1.29896
-1.34637 , 1.21535
-1.3644 , 1.27007
-1.37618 , 1.16588
-1.45084 , 1.06242
-1.42411 , 1.11343
-1.56584 , 0.97821
-1.52922 , 1.0249
-1.54892 , 0.922867
-1.68781 , 0.769104
-1.58012 , 0.876854
-1.73091 , 0.664588
-1.65193 , 0.725746
-1.70435 , 0.569543
-1.81495 , 0.547574
-1.80116 , 0.395573
-1.74577 , 0.411044
-1.81845 , 0.344413
-1.82561 , 0.236609
-1.8204 , 0.189122
-1.90205 , 0.0518859
-1.86477 , 0.00393543
-1.81177 , -0.0257978
-1.84311 , -0.0621745
-1.82354 , -0.229395
-1.82243 , -0.180014
-1.8249 , -0.279892
-1.75644 , -0.361155
-1.78588 , -0.450836
-1.76654 , -0.50734
-1.75439 , -0.565788
-1.69746 , -0.585207
-1.68134 , -0.746314
-1.65527 , -0.79853
-1.63031 , -0.850668
-1.61989 , -0.98491
-1.55267 , -0.899596
-1.54479 , -1.01469
-1.50272 , -1.0562
-1.44123 , -1.08624
-1.40189 , -1.20184
-1.36755 , -1.2695
-1.31093 , -1.26152
-1.26953 , -1.29802
-1.2195 , -1.38707
-1.21679 , -1.33233
-1.16543 , -1.36388
-1.0921 , -1.5537
-0.992529 , -1.56331
-0.881818 , -1.57836
-0.80389 , -1.59383
-0.851839 , -1.63112
-0.756312 , -1.62877
-0.696801 , -1.70974
-0.590021 , -1.74573
-0.535532 , -1.76645
-0.490616 , -1.73255
-0.474634 , -1.78877
-0.251406 , -1.7875
-0.354505 , -1.76282
-0.257121 , -1.83477
-0.14908 , -1.89623
0.0126413 , -1.80606
-0.0428357 , -1.80212
0.154493 , -1.84372
0.122289 , -1.79368
0.181434 , -1.79337
0.312055 , -1.82268
0.368765 , -1.81316
0.420048 , -1.78701
0.451383 , -1.72367
0.510118 , -1.72813
0.628021 , -1.73357
0.684312 , -1.73092
0.794856 , -1.72919
0.813252 , -1.64462
0.905183 , -1.59857
0.936494 , -1.54814
1.08539 , -1.50395
1.05661 , -1.45421
1.03362 , -1.40154
1.14912 , -1.42501
1.25223 , -1.37013
1.15793 , -1.36741
1.25989 , -1.3122
1.39071 , -1.21636
1.3541 , -1.18476
1.49852 , -1.14968
1.60759 , -0.881021
1.52513 , -1.03083
1.46827 , -1.01824
1.645 , -0.835667
1.68398 , -0.755393
1.68816 , -0.655727
1.76764 , -0.529367
1.71087 , -0.542093
1.69406 , -0.597869
1.78425 , -0.473844
1.74437 , -0.431473
1.83227 , -0.31325
1.82731 , -0.259545
1.8241 , -0.204624
1.80184 , -0.0566901
1.79778 , -0.111876
1.74059 , 0.0870209
1.74899 , 0.0299564
1.7505 , -0.0289873
1.7692 , 0.181039
1.72471 , 0.141113
1.76098 , 0.397953
1.77145 , 0.297954
1.77834 , 0.239351
1.74271 , 0.450725
1.66821 , 0.517071
1.72485 , 0.504933
1.64575 , 0.718325
1.6659 , 0.664265
1.70681 , 0.558879
1.5871 , 0.72805
1.52569 , 0.955871
1.55373 , 0.906578
1.58406 , 0.860402
1.49396 , 1.00316
1.47636 , 0.930302
1.38862 , 1.12669
1.39351 , 1.06271
1.3515 , 1.17455
1.2578 , 1.24095
1.29599 , 1.19669
1.16062 , 1.30998
1.03287 , 1.40186
0.999951 , 1.45158
0.923595 , 1.53985
0.940307 , 1.44772
0.821296 , 1.59357
0.824655 , 1.53585
0.714721 , 1.70348
0.721879 , 1.64605
0.549362 , 1.67068
0.624508 , 1.61931
0.507425 , 1.77878
0.415421 , 1.75627
0.291039 , 1.76144
0.351198 , 1.7716
0.22171 , 1.73452
0.147136 , 1.78588
0.0898843 , 1.79163
0.0326086 , 1.79665
-0.13222 , 1.79101
-0.057166 , 1.74736
-0.170007 , 1.83666
-0.259667 , 1.76171
-0.317531 , 1.75881
-0.436468 , 1.7316
-0.378134 , 1.73638
-0.54546 , 1.71266
-0.643244 , 1.73475
-0.66718 , 1.68052
-0.781176 , 1.63003
-0.880508 , 1.56173
-0.980255 , 1.50506
-1.08179 , 1.5024
-1.02969 , 1.47628
-1.13023 , 1.41263
-1.21751 , 1.33594
-1.21575 , 1.27733
-1.25861 , 1.23815
-1.32228 , 1.14137
-1.37024 , 1.11616
-1.4719 , 1.00888
-1.49173 , 0.91376
-1.51057 , 0.968503
-1.55568 , 0.823119
-1.63148 , 0.777629
-1.61066 , 0.829586
-1.69227 , 0.622731
-1.67661 , 0.675224
-1.75909 , 0.555268
-1.76913 , 0.499961
-1.7806 , 0.304015
-1.75945 , 0.354567
-1.70705 , 0.408227
-1.77096 , 0.249706
-1.75785 , 0.19522
-1.83684 , 0.129009
-1.79724 , 0.0855725
-1.81039 , 0.0282998
-1.78552 , -0.0807361
-1.77554 , -0.140939
-1.77269 , -0.258071
-1.76293 , -0.200479
-1.69513 , -0.414148
-1.74092 , -0.307155
-1.74869 , -0.416266
-1.70915 , -0.525855
-1.68329 , -0.644221
-1.64793 , -0.596803
-1.62364 , -0.749082
-1.59484 , -0.802002
-1.59357 , -0.868912
-1.56449 , -0.958976
-1.4974 , -0.882608
-1.49734 , -0.997336
-1.44928 , -1.03102
-1.37075 , -1.16482
-1.32192 , -1.14111
-1.29441 , -1.19225
-1.25864 , -1.23798
-1.21587 , -1.27677
-1.11314 , -1.33721
-1.07603 , -1.44169
-1.06877 , -1.38892
-1.03812 , -1.53015
-0.982654 , -1.51012
-0.934039 , -1.5462
-0.714008 , -1.53315
-0.829162 , -1.54855
-0.744312 , -1.5815
-0.654327 , -1.67414
-0.600151 , -1.68719
-0.449839 , -1.7301
-0.544276 , -1.7096
-0.414208 , -1.77757
-0.193851 , -1.76855
-0.296401 , -1.74687
-0.136696 , -1.84271
-0.100493 , -1.79376
0.0678444 , -1.80204
-0.00204415 , -1.75247
-0.0609077 , -1.74761
0.166822 , -1.756
0.113753 , -1.73412
0.238173 , -1.78881
0.289604 , -1.76474
0.350277 , -1.77463
0.39303 , -1.73082
0.484588 , -1.67501
0.601472 , -1.68286
0.66001 , -1.68461
0.721757 , -1.68914
0.779015 , -1.69051
0.786858 , -1.5917
0.877592 , -1.54543
0.845698 , -1.59493
0.996241 , -1.54882
0.908898 , -1.49574
1.02616 , -1.50301
0.999516 , -1.44985
1.11273 , -1.33256
1.21377 , -1.27912
1.20876 , -1.33897
1.31713 , -1.23045
1.44559 , -1.11692
1.37998 , -1.13204
1.32142 , -1.14163
1.45134 , -1.06183
1.5873 , -0.928026
1.49997 , -0.974101
1.44234 , -0.9658
1.58713 , -0.825984
1.7174 , -0.70576
1.62423 , -0.728732
1.64126 , -0.622776
1.72768 , -0.487
1.65543 , -0.555946
1.75842 , -0.373964
1.70556 , -0.392412
1.77859 , -0.318327
1.76939 , -0.26007
1.78602 , -0.156012
1.7432 , -0.0867521
1.72465 , 0.220959
1.69547 , 0.192945
1.7192 , 0.339804
1.71331 , 0.278699
1.68902 , 0.464922
1.61028 , 0.521659
1.63396 , 0.471835
1.60811 , 0.673875
1.62843 , 0.619315
1.64748 , 0.56687
1.56616 , 0.783272
1.53412 , 0.832655
1.39603 , 1.00389
1.4434 , 0.974942
1.50256 , 0.881116
1.34158 , 1.08872
1.34737 , 1.03053
1.32036 , 1.14129
1.21313 , 1.2786
1.10877 , 1.33839
1.05925 , 1.34853
0.971668 , 1.3992
0.966863 , 1.50189
0.906379 , 1.49143
0.881366 , 1.43717
0.738725 , 1.5888
0.79497 , 1.48552
0.68174 , 1.60486
0.715089 , 1.54428
0.521272 , 1.72333
0.602077 , 1.56354
0.609691 , 1.67837
0.466284 , 1.73368
0.386098 , 1.72223
0.269942 , 1.70419
0.196523 , 1.78559
0.11459 , 1.73513
0.0580328 , 1.74554
0.00131951 , 1.7493
-0.167563 , 1.76083
-0.11426 , 1.73436
-0.220067 , 1.73593
-0.270422 , 1.70434
-0.329937 , 1.7034
-0.499825 , 1.66147
-0.440884 , 1.6718
-0.559326 , 1.65498
-0.61875 , 1.64441
-0.731782 , 1.60025
-0.829586 , 1.53494
-0.879388 , 1.50427
-0.967936 , 1.45066
-0.929753 , 1.53205
-1.07555 , 1.44233
-1.0122 , 1.4257
-1.09302 , 1.38699
-1.16716 , 1.30889
-1.29429 , 1.19228
-1.33841 , 1.07983
-1.39367 , 1.0649
-1.41292 , 1.01669
-1.5187 , 0.868777
-1.45234 , 0.951895
-1.52219 , 0.78272
-1.63222 , 0.672964
-1.57894 , 0.767274
-1.64825 , 0.561083
-1.63704 , 0.616649
-1.72126 , 0.465011
-1.73286 , 0.30207
-1.70111 , 0.350436
-1.66445 , 0.447555
-1.71505 , 0.246708
-1.72227 , 0.141516
-1.6953 , 0.191993
-1.78069 , 0.141803
-1.75217 , -0.0291887
-1.73981 , -0.0856758
-1.7208 , -0.139286
-1.72028 , -0.249536
-1.70081 , -0.191704
-1.64084 , -0.434941
-1.70171 , -0.353681
-1.72317 , -0.466775
-1.65017 , -0.538695
-1.59089 , -0.5986
-1.65142 , -0.695964
-1.59297 , -0.69926
-1.52672 , -0.782277
-1.54714 , -0.838836
-1.50724 , -0.939509
-1.44579 , -0.9019
-1.40187 , -0.997203
-1.39174 , -1.11197
-1.39524 , -1.05443
-1.34086 , -1.08629
-1.34642 , -1.21652
-1.16633 , -1.30752
-1.05656 , -1.34528
-1.02995 , -1.47376
-1.02279 , -1.4157
-0.92836 , -1.4873
-0.879757 , -1.51967
-0.645651 , -1.63088
-0.773454 , -1.52853
-0.586757 , -1.62899
-0.548226 , -1.66779
-0.492637 , -1.67397
-0.395827 , -1.71896
-0.434321 , -1.6728
-0.239557 , -1.73137
-0.280899 , -1.68941
-0.154535 , -1.78485
-0.118782 , -1.73562
0.056569 , -1.74698
0.167347 , -1.70925
0.270658 , -1.70586
0.220575 , -1.73477
0.371546 , -1.67338
0.426525 , -1.67062
0.543184 , -1.67931
0.575945 , -1.63029
0.634688 , -1.63447
0.6944 , -1.63716
0.753131 , -1.63957
0.8187 , -1.54241
0.759826 , -1.5393
0.967223 , -1.49812
0.940425 , -1.44605
0.971557 , -1.3993
1.09574 , -1.39267
1.16489 , -1.30903
1.05792 , -1.34769
1.26112 , -1.24703
1.39839 , -1.07628
1.34129 , -1.08806
1.29402 , -1.19257
1.54896 , -0.870359
1.47137 , -0.914989
1.38759 , -0.968224
1.52956 , -0.814246
1.65772 , -0.701786
1.6069 , -0.669932
1.68729 , -0.44533
1.66918 , -0.500954
1.61803 , -0.569378
1.7382 , -0.314306
1.64982 , -0.396585
1.7232 , -0.249359
1.76222 , -0.201322
1.72573 , -0.143004
1.66207 , 0.242435
1.70821 , 0.400019
1.66607 , 0.311274
1.66028 , 0.423778
1.55233 , 0.524099
1.57869 , 0.471688
1.54941 , 0.682406
1.57116 , 0.628876
1.58963 , 0.574314
1.52999 , 0.737626
1.50598 , 0.791118
1.35126 , 0.971374
1.40031 , 0.936265
1.00088 , 1.35233
0.912136 , 1.3944
0.850537 , 1.48508
0.853406 , 1.38391
0.774277 , 1.54125
0.762574 , 1.43705
0.658417 , 1.55162
0.680455 , 1.49752
0.48978 , 1.67568
0.578139 , 1.61844
0.430613 , 1.68419
0.327793 , 1.71723
0.365256 , 1.67217
0.216245 , 1.67879
0.258618 , 1.63851
0.166541 , 1.7205
-0.168018 , 1.70913
-0.217326 , 1.67757
-0.299502 , 1.6609
-0.382442 , 1.67778
-0.461365 , 1.61543
-0.402886 , 1.62528
-0.600566 , 1.69849
-0.632838 , 1.59045
-0.679348 , 1.62603
-0.734008 , 1.54193
-0.684643 , 1.56852
-0.782047 , 1.56984
-0.928921 , 1.47404
-0.968135 , 1.39492
-1.03594 , 1.39764
-1.05718 , 1.34507
-0.999296 , 1.35197
-1.11454 , 1.33307
-1.35303 , 1.02364
-1.34603 , 0.970197
-1.40007 , 0.96702
-1.4809 , 0.819804
-1.45109 , 0.872519
-1.58644 , 0.647108
-1.58965 , 0.707816
-1.53265 , 0.728445
-1.71378 , 0.518351
-1.59372 , 0.588316
-1.65673 , 0.504942
-1.6762 , 0.28988
-1.64786 , 0.327028
-1.6541 , 0.384773
-1.65829 , 0.237042
-1.74075 , 0.0863531
-1.75149 , 0.029205
-1.68124 , -0.296502
-1.66198 , -0.238982
-1.64788 , -0.377997
-1.62797 , -0.325483
-1.66963 , -0.484487
-1.62081 , -0.648247
-1.56499 , -0.750389
-1.56265 , -0.649195
-1.49244 , -0.733408
-1.49614 , -0.82763
-1.45117 , -0.962195
-1.34998 , -1.02893
-1.35 , -0.97103
-0.976502 , -1.45325
-0.967352 , -1.39837
-0.999808 , -1.35248
-0.871129 , -1.46157
-0.922692 , -1.4336
-0.819152 , -1.49021
-0.703058 , -1.64419
-0.743963 , -1.48143
-0.619001 , -1.57999
-0.527395 , -1.62472
-0.468582 , -1.62052
-0.338221 , -1.70486
-0.376831 , -1.66193
-0.169234 , -1.71234
-0.216452 , -1.67777
0.215765 , -1.67734
0.331035 , -1.71944
0.25902 , -1.63909
0.400789 , -1.61803
0.459051 , -1.62186
0.517438 , -1.62621
0.608806 , -1.58172
0.66778 , -1.58605
0.792048 , -1.4899
0.850491 , -1.49286
0.913144 , -1.39391
0.881987 , -1.44316
1.00249 , -1.3515
1.41009 , -1.0187
1.3525 , -1.03185
1.4907 , -0.858909
1.52897 , -0.925245
1.43746 , -0.868084
1.40922 , -0.917299
1.34782 , -0.974621
1.58084 , -0.768558
1.56555 , -0.71232
1.58357 , -0.614661
1.6321 , -0.45568
1.61056 , -0.511079
1.56414 , -0.548582
1.68035 , -0.293538
1.68482 , -0.345788
1.60521 , -0.403728
1.66283 , -0.237747
1.70108 , -0.191943
1.61605 , 0.277641
1.65487 , 0.370989
1.60754 , 0.415351
1.49398 , 0.529023
1.51961 , 0.475659
1.41894 , 0.736039
1.49059 , 0.686716
1.51389 , 0.633645
1.47505 , 0.741019
1.44088 , 0.891437
1.47546 , 0.841723
1.34028 , 0.915004
1.38165 , 0.879384
0.821905 , 1.43264
0.885373 , 1.33382
0.739039 , 1.49141
0.787306 , 1.38376
0.621451 , 1.50685
0.644025 , 1.45254
0.460541 , 1.62758
0.519351 , 1.62377
0.485948 , 1.57608
0.543474 , 1.56991
0.309695 , 1.6627
0.346031 , 1.6181
-0.343225 , 1.63229
-0.258861 , 1.63703
-0.366799 , 1.57853
-0.519539 , 1.605
-0.48158 , 1.55882
-0.423243 , 1.56896
-0.577214 , 1.59943
-0.589978 , 1.5425
-0.732224 , 1.48844
-0.639093 , 1.53445
-0.828669 , 1.47745
-0.924032 , 1.41275
-0.877733 , 1.44667
-0.939495 , 1.34918
-1.3458 , 0.916075
-1.40627 , 0.912997
-1.41937 , 0.822191
-1.37593 , 0.863537
-1.53946 , 0.611725
-1.53229 , 0.67048
-1.48008 , 0.69866
-1.60103 , 0.529629
-1.55395 , 0.493901
-1.61626 , 0.277918
-1.60232 , 0.357305
-1.6153 , 0.414246
-1.61718 , -0.278724
-1.58577 , -0.432335
-1.58851 , -0.371505
-1.59007 , -0.54074
-1.61325 , -0.486745
-1.53347 , -0.59832
-1.53426 , -0.700002
-1.50443 , -0.649411
-1.44451 , -0.840753
-1.46589 , -0.781763
-1.39815 , -0.939592
-1.39107 , -0.887849
-0.941053 , -1.34785
-0.840105 , -1.4158
-0.894511 , -1.38801
-0.788105 , -1.44306
-0.654467 , -1.53319
-0.683892 , -1.58634
-0.560305 , -1.57631
-0.501443 , -1.57159
-0.412977 , -1.61737
-0.441218 , -1.56694
-0.259313 , -1.63786
-0.320785 , -1.64525
0.312251 , -1.66378
0.294329 , -1.59283
0.374609 , -1.56559
0.491482 , -1.57287
0.582018 , -1.529
0.55014 , -1.57735
0.641017 , -1.53382
0.727205 , -1.5883
0.823439 , -1.44002
0.700469 , -1.53724
0.794598 , -1.38851
0.945876 , -1.34751
0.889949 , -1.3386
1.52366 , -0.755364
1.47163 , -0.801893
1.37931 , -0.866495
1.34746 , -0.917104
1.50728 , -0.698371
1.54863 , -0.654858
1.58615 , -0.459022
1.50703 , -0.542688
1.5283 , -0.596234
1.62044 , -0.279665
1.56919 , -0.309242
1.62344 , -0.341005
1.61374 , 0.33544
1.56671 , 0.368879
1.50816 , 0.378166
1.53155 , 0.578428
1.46128 , 0.480019
1.44847 , 0.790672
1.43227 , 0.68045
1.47362 , 0.583321
1.41646 , 0.838575
1.35939 , 0.811148
1.32509 , 0.859713
0.942461 , 1.34725
0.811814 , 1.3411
0.832618 , 1.30917
0.704015 , 1.44397
0.727699 , 1.38917
0.585202 , 1.45986
0.608927 , 1.40573
0.402733 , 1.63041
0.428151 , 1.57949
0.506061 , 1.52271
0.294711 , 1.59239
0.370637 , 1.57342
-0.297131 , 1.59326
-0.322463 , 1.54087
-0.540368 , 1.54869
-0.443501 , 1.51271
-0.561069 , 1.49181
-0.577474 , 1.44285
-0.781285 , 1.50958
-0.680186 , 1.50148
-0.776793 , 1.45067
-0.871763 , 1.38781
-0.825654 , 1.42129
-1.3235 , 0.859973
-1.47199 , 0.758889
-1.41545 , 0.780464
-1.54671 , 0.552832
-1.48561 , 0.635512
-1.42421 , 0.721267
-1.60855 , 0.470969
-1.49968 , 0.517556
-1.56735 , 0.310299
-1.55623 , 0.37596
-1.56076 , 0.435027
-1.56778 , -0.313726
-1.55057 , -0.382561
-1.51413 , -0.334567
-1.5302 , -0.539436
-1.49882 , -0.489201
-1.55873 , -0.488464
-1.45722 , -0.685349
-1.45505 , -0.626142
-1.40954 , -0.790617
-1.34084 , -0.913582
-0.776796 , -1.39664
-0.8327 , -1.36833
-0.722455 , -1.42778
-0.594397 , -1.5282
-0.685552 , -1.48204
-0.477561 , -1.51824
-0.359972 , -1.59537
-0.384903 , -1.53648
-0.295686 , -1.59217
0.347242 , -1.61707
0.432909 , -1.56893
0.403708 , -1.51513
0.556666 , -1.47567
0.522905 , -1.5242
0.67524 , -1.48689
0.733584 , -1.48877
0.707224 , -1.43826
0.854847 , -1.38809
1.42244 , -0.769213
1.41353 , -0.817214
1.35457 , -0.81299
1.32189 , -0.861111
1.49034 , -0.641724
1.55002 , -0.414559
1.48788 , -0.489348
1.54448 , -0.492225
1.46954 , -0.586223
1.43133 , -0.626829
1.51473 , -0.332699
1.56722 , 0.309647
1.51361 , 0.332816
1.54579 , 0.423195
1.43563 , 0.518829
1.48355 , 0.425815
1.37396 , 0.682202
1.45595 , 0.637253
1.4163 , 0.573817
1.39107 , 0.786076
1.29648 , 0.80844
0.752501 , 1.33464
0.781575 , 1.28045
0.668337 , 1.3989
0.633583 , 1.35199
0.563965 , 1.51471
0.548757 , 1.41308
0.389156 , 1.52216
0.447636 , 1.52744
0.32278 , 1.54089
0.342751 , 1.48568
-0.340453 , 1.48609
-0.502491 , 1.50214
-0.385416 , 1.52227
-0.519023 , 1.44274
-0.620442 , 1.48106
-0.719229 , 1.45172
-0.765889 , 1.39299
-0.884325 , 1.33181
-0.818085 , 1.36527
-1.35777 , 0.804581
-1.36782 , 0.743278
-1.49244 , 0.576468
-1.43277 , 0.661335
-1.37717 , 0.68403
-1.50642 , 0.458415
-1.51379 , 0.334558
-1.50194 , 0.395937
-1.52758 , -0.438218
-1.45634 , -0.349746
-1.45443 , -0.527126
-1.48273 , -0.574589
-1.43125 , -0.734628
-1.39712 , -0.685083
-1.38356 , -0.844681
-1.32448 , -0.857658
-0.884295 , -1.33267
-0.723347 , -1.36482
-0.830139 , -1.30969
-0.659886 , -1.42959
-0.627894 , -1.47998
-0.601896 , -1.42785
-0.435614 , -1.50928
-0.535834 , -1.52314
-0.324735 , -1.54569
-0.39408 , -1.4723
0.321632 , -1.54195
0.391609 , -1.45938
0.615496 , -1.48092
0.497747 , -1.4704
0.463772 , -1.51931
0.764233 , -1.43804
0.735469 , -1.3843
0.680023 , -1.38815
0.852077 , -1.3274
1.46596 , -0.741894
1.36758 , -0.759038
1.31299 , -0.753196
1.29548 , -0.808332
1.56684 , -0.359598
1.50029 , -0.38682
1.50318 , -0.447584
1.45019 , -0.530138
1.4118 , -0.56999
1.449 , -0.684252
1.45522 , 0.352483
1.40455 , 0.465203
1.3626 , 0.409287
1.36176 , 0.736492
1.33556 , 0.638644
1.39835 , 0.629239
1.32031 , 0.754945
0.692906 , 1.34541
0.716655 , 1.29174
0.574076 , 1.35861
0.525016 , 1.46835
0.488672 , 1.41995
0.403471 , 1.4679
-0.461568 , 1.4586
-0.402205 , 1.46404
-0.507529 , 1.38118
-0.663023 , 1.43969
-0.707304 , 1.40006
-0.769022 , 1.3342
-0.831128 , 1.30879
-1.31502 , 0.755212
-1.32502 , 0.698589
-1.44595 , 0.542407
-1.43861 , 0.60084
-1.38487 , 0.624841
-1.33026 , 0.640709
-1.45883 , 0.430457
-1.4602 , 0.349456
-1.46791 , -0.43847
-1.49561 , -0.389456
-1.39722 , -0.351695
-1.42369 , -0.576774
-1.4022 , -0.631188
-1.35149 , -0.794359
-1.37213 , -0.738668
-1.29516 , -0.805632
-0.681829 , -1.3835
-0.776952 , -1.33764
-0.781761 , -1.27832
-0.625302 , -1.37732
-0.569294 , -1.47509
-0.568449 , -1.36826
-0.453951 , -1.45304
-0.341677 , -1.48921
0.342897 , -1.48916
0.438933 , -1.46524
0.650467 , -1.43651
0.590827 , -1.42733
0.472857 , -1.41635
0.797746 , -1.35077
0.74494 , -1.32418
0.686966 , -1.33185
0.625509 , -1.38823
1.4035 , -0.716596
1.34533 , -0.705171
1.2596 , -0.761319
1.28486 , -0.702706
1.45761 , -0.348215
1.39871 , -0.353449
1.45549 , -0.409686
1.43568 , -0.467237
1.3949 , -0.512181
1.35402 , -0.553881
1.42498 , 0.406753
1.37733 , 0.529114
1.30569 , 0.392526
1.36071 , 0.473439
1.3159 , 0.69522
1.27759 , 0.648743
1.3597 , 0.585585
1.26083 , 0.76171
0.658289 , 1.29827
0.740933 , 1.2384
0.514179 , 1.36532
0.464479 , 1.47592
0.453365 , 1.36552
0.353523 , 1.43211
-0.462744 , 1.41802
-0.406479 , 1.40347
-0.622988 , 1.4076
-0.549714 , 1.33906
-0.559143 , 1.39619
-0.66148 , 1.36339
-0.712102 , 1.34258
-0.782253 , 1.2773
-1.29589 , 0.8095
-1.25871 , 0.765613
-1.39152 , 0.565488
-1.3446 , 0.52472
-1.33613 , 0.582685
-1.27464 , 0.654413
-1.42007 , 0.392299
-1.40013 , 0.351775
-1.42668 , -0.479186
-1.38184 , -0.44413
-1.42269 , -0.399961
-1.39352 , -0.52663
-1.3507 , -0.646778
-1.3667 , -0.590353
-1.33387 , -0.690979
-1.25682 , -0.759818
-1.31403 , -0.747625
-0.672521 , -1.32748
-0.727259 , -1.30281
-0.612369 , -1.32667
-0.510517 , -1.46981
-0.544304 , -1.42183
-0.511202 , -1.35344
-0.408708 , -1.41562
-0.351887 , -1.431
0.350096 , -1.42994
0.409555 , -1.4048
0.531842 , -1.42192
0.453712 , -1.36885
0.805343 , -1.29721
0.759775 , -1.2656
0.704415 , -1.27629
0.629422 , -1.34272
1.37091 , -0.609893
1.38782 , -0.665286
1.21611 , -0.722217
1.27388 , -0.643844
1.34136 , -0.346321
1.41329 , -0.410882
1.37615 , -0.456574
1.33509 , -0.498418
1.29629 , -0.541753
1.39661 , 0.35456
1.31992 , 0.545001
1.30915 , 0.449407
1.26011 , 0.703812
1.2336 , 0.602067
1.29298 , 0.597269
1.21654 , 0.722431
0.682687 , 1.24459
0.599735 , 1.30423
0.706202 , 1.19199
0.541432 , 1.31147
0.403218 , 1.39822
0.440099 , 1.42493
0.350408 , 1.37262
-0.352761 , 1.43019
-0.397511 , 1.34253
-0.603773 , 1.35956
-0.451134 , 1.36305
-0.66298 , 1.30422
-0.722894 , 1.29195
-0.73985 , 1.23696
-1.2699 , 0.710529
-1.45284 , 0.48395
-1.39916 , 0.507267
-1.28925 , 0.544992
-1.28058 , 0.600047
-1.21981 , 0.670481
-1.36351 , 0.408082
-1.342 , 0.346998
-1.34564 , -0.491511
-1.35778 , -0.39719
-1.3381 , -0.348825
-1.33944 , -0.550234
-1.28159 , -0.659402
-1.30975 , -0.6054
-1.27394 , -0.702999
-0.692682 , -1.25308
-0.740241 , -1.23815
-0.554385 , -1.3113
-0.49688 , -1.41196
-0.498205 , -1.29307
-0.541788 , -1.2532
-0.461254 , -1.38925
-0.351302 , -1.37201
0.354029 , -1.37254
0.484265 , -1.32157
0.574384 , -1.36882
0.514032 , -1.37095
0.722382 , -1.2209
0.666548 , -1.23101
0.648685 , -1.28721
1.33125 , -0.652073
1.22789 , -0.682665
1.35539 , -0.401651
1.29802 , -0.386871
1.31583 , -0.442973
1.23941 , -0.530526
1.34272 , 0.347422
1.31269 , 0.506195
1.25589 , 0.429054
1.21987 , 0.660547
1.25997 , 0.547987
1.25751 , 0.488025
0.591717 , 1.20201
0.568129 , 1.2574
0.67746 , 1.14085
0.510489 , 1.26431
0.48307 , 1.31584
0.398063 , 1.33831
-0.352321 , 1.37723
-0.440624 , 1.30544
-0.602079 , 1.30792
-0.494236 , 1.32556
-0.486328 , 1.27034
-0.678074 , 1.25025
-0.700944 , 1.19338
-1.21567 , 0.726033
-1.40548 , 0.449019
-1.3546 , 0.466799
-1.29924 , 0.486941
-1.23363 , 0.564393
-1.22528 , 0.618011
-1.31377 , 0.379537
-1.31889 , -0.443174
-1.29181 , -0.389135
-1.28134 , -0.55381
-1.21903 , -0.652473
-1.25231 , -0.606071
-1.21514 , -0.714877
-0.643129 , -1.27512
-0.645742 , -1.21492
-0.457258 , -1.33073
-0.527022 , -1.19677
-0.399358 , -1.31281
0.405322 , -1.34045
0.592511 , -1.29885
0.542065 , -1.31748
0.685528 , -1.17467
0.609541 , -1.24336
1.31444 , -0.59669
1.25786 , -0.586145
1.1678 , -0.687635
1.28539 , -0.332139
1.23893 , -0.372131
1.25788 , -0.430207
1.27757 , -0.485932
1.25095 , 0.370148
1.28658 , 0.33248
1.20472 , 0.460939
1.20414 , 0.40359
1.16859 , 0.690151
1.16989 , 0.631191
1.18232 , 0.573574
0.625788 , 1.24948
0.64987 , 1.19499
0.656126 , 1.08617
0.47308 , 1.20828
0.533989 , 1.21139
0.425073 , 1.30799
0.34268 , 1.3142
-0.344456 , 1.32061
-0.432738 , 1.24992
-0.546775 , 1.2813
-0.529255 , 1.23241
-0.475762 , 1.21333
-0.640218 , 1.20594
-1.16682 , 0.69193
-1.30894 , 0.429658
-1.2535 , 0.449046
-1.24393 , 0.507272
-1.17133 , 0.639812
-1.17751 , 0.582713
-1.2322 , 0.307768
-1.28211 , -0.332874
-1.28557 , -0.494499
-1.25857 , -0.440353
-1.23583 , -0.549386
-1.16878 , -0.689937
-0.701984 , -1.19285
-0.595987 , -1.26889
-0.585712 , -1.21033
-0.408979 , -1.36342
-0.441595 , -1.27432
-0.48517 , -1.23614
-0.468146 , -1.18059
-0.341491 , -1.31403
0.454267 , -1.23025
0.436949 , -1.28868
0.552143 , -1.2581
0.528009 , -1.15961
0.495157 , -1.272
0.627162 , -1.18703
1.18209 , -0.520565
1.20127 , -0.5746
1.21781 , -0.628868
1.11395 , -0.667804
1.23131 , -0.311627
1.17597 , -0.331448
1.19959 , -0.420503
1.21971 , -0.475591
1.23318 , 0.309239
1.14908 , 0.440181
1.14214 , 0.323168
1.19748 , 0.344652
1.11525 , 0.666074
1.12946 , 0.548841
1.20861 , 0.520882
1.05808 , 0.652516
0.575474 , 1.14571
0.628083 , 1.13966
0.595802 , 1.08967
0.649292 , 1.02894
0.455882 , 1.26216
0.525659 , 1.1763
0.380724 , 1.26962
-0.329722 , 1.26539
-0.386356 , 1.28228
-0.610314 , 1.26026
-0.519439 , 1.17614
-0.677297 , 1.14153
-1.1147 , 0.666045
-1.26054 , 0.390114
-1.20604 , 0.416107
-1.19639 , 0.472987
-1.12391 , 0.607386
-1.18742 , 0.527879
-1.16725 , 0.328744
-1.28335 , 0.334595
-1.23222 , -0.37565
-1.2253 , -0.49184
-1.20651 , -0.434735
-1.19509 , -0.59143
-1.17922 , -0.534535
-1.11475 , -0.667963
-1.16007 , -0.631387
-0.6773 , -1.14064
-0.510245 , -1.14083
-0.623201 , -1.16215
-0.381214 , -1.25783
-0.424144 , -1.21864
-0.454167 , -1.12416
-0.322576 , -1.25853
0.3431 , -1.31321
0.376653 , -1.28722
0.568465 , -1.20191
0.511557 , -1.21585
0.67562 , -1.13109
0.622783 , -1.12925
1.14373 , -0.569627
1.15984 , -0.62779
1.05775 , -0.653304
1.18302 , -0.274745
1.18093 , -0.369437
1.16183 , -0.466074
1.12435 , -0.513127
1.18312 , 0.279609
1.15962 , 0.498443
1.07282 , 0.442316
1.15168 , 0.380816
1.12064 , 0.607218
1.08136 , 0.538205
0.525718 , 1.12204
0.539767 , 1.06884
0.592061 , 1.03994
0.64978 , 0.970847
0.414101 , 1.22415
0.419853 , 1.17238
0.473948 , 1.14969
0.323085 , 1.25827
-0.310618 , 1.21772
-0.421214 , 1.1947
-0.371371 , 1.22354
-0.577541 , 1.20196
-0.50872 , 1.11992
-0.620113 , 1.15488
-1.06731 , 0.619806
-1.15839 , 0.383229
-1.14903 , 0.438557
-1.12861 , 0.549377
-1.13901 , 0.493979
-1.21319 , 0.36049
-1.23298 , -0.311287
-1.16633 , -0.478968
-1.14658 , -0.423966
-1.13783 , -0.576428
-1.09696 , -0.613952
-0.658837 , -1.08548
-0.566897 , -1.15467
-0.605331 , -1.10632
-0.363766 , -1.20175
-0.412856 , -1.16253
-0.495466 , -1.08439
-0.301638 , -1.20967
0.324873 , -1.25533
0.396699 , -1.2437
0.488754 , -1.11699
0.471053 , -1.17354
0.656163 , -1.08188
1.10251 , -0.612493
1.04436 , -0.601376
1 , -0.647052
1.12921 , -0.29588
1.08997 , -0.299183
1.14101 , -0.4114
1.10403 , -0.457022
1.08497 , -0.557849
1.1153 , 0.29216
1.10942 , 0.485429
1.10498 , 0.401804
1.06389 , 0.594121
1.02302 , 0.54246
0.999965 , 0.648243
0.48178 , 1.09155
0.543267 , 1.00909
0.594145 , 0.981755
0.601597 , 0.923755
0.361109 , 1.20362
0.373603 , 1.1364
0.427587 , 1.11416
-0.282255 , 1.17903
-0.464933 , 1.15723
-0.404822 , 1.14872
-0.346714 , 1.1683
-0.563729 , 1.13958
-0.494351 , 1.06305
-0.658749 , 1.08594
-1.05683 , 0.653555
-1.07279 , 0.570665
-1.11415 , 0.346024
-1.10329 , 0.402123
-1.08143 , 0.513818
-0.992443 , 0.436483
-1.18351 , 0.276628
-1.1268 , 0.290254
-1.18403 , -0.278071
-1.17876 , -0.38514
-1.12221 , -0.519303
-1.10364 , -0.464691
-1.0791 , -0.55989
-1.05714 , -0.654117
-0.648928 , -1.028
-0.594006 , -1.04741
-0.55056 , -1.0997
-0.318355 , -1.15142
-0.358507 , -1.14485
-0.398946 , -1.10644
-0.262763 , -1.16299
0.354723 , -1.2022
0.294038 , -1.20785
0.259012 , -1.16176
0.413812 , -1.18723
0.584813 , -1.14592
0.506075 , -1.05956
0.643549 , -1.03204
1.06694 , -0.502507
1.0266 , -0.545845
0.941457 , -0.650034
1.13702 , -0.237363
1.0755 , -0.245837
1.1213 , -0.354993
1.08495 , -0.400825
1.04914 , -0.447053
1.1416 , 0.239349
1.08665 , 0.346331
1.08453 , 0.246378
1.01611 , 0.441984
1.04857 , 0.49016
1.04729 , 0.391752
1.00724 , 0.59248
0.99035 , 0.493913
0.942081 , 0.653348
0.950778 , 0.597428
0.436655 , 1.05662
0.491651 , 1.03372
0.497347 , 0.974099
0.548258 , 0.945946
0.659019 , 0.913429
0.294516 , 1.20904
0.318996 , 1.1579
0.335412 , 1.04122
-0.245883 , 1.13804
-0.454481 , 1.10163
-0.408911 , 1.09199
-0.356888 , 1.11161
-0.60479 , 1.09936
-0.550151 , 1.08148
-0.436978 , 1.04359
-0.649135 , 1.02813
-0.998882 , 0.647307
-1.0166 , 0.591536
-1.07284 , 0.304976
-1.09253 , 0.457719
-1.0255 , 0.534053
-1.14171 , 0.236608
-1.0855 , 0.247756
-1.17671 , -0.328866
-1.14127 , -0.238454
-1.12767 , -0.36161
-1.0602 , -0.504893
-1.09058 , -0.407441
-1.03622 , -0.600686
-0.998405 , -0.646347
-0.650449 , -0.96963
-0.660248 , -0.912264
-0.677937 , -0.856929
-0.536667 , -1.04414
-0.440062 , -1.06812
-0.337016 , -1.09016
-0.382786 , -1.05089
-0.426418 , -1.01195
-0.220991 , -1.12214
0.374834 , -1.1445
0.317277 , -1.15517
0.216027 , -1.12252
0.431833 , -1.13099
0.598174 , -1.07623
0.545716 , -1.10274
0.591969 , -0.99605
0.646832 , -0.974436
0.886191 , -0.666199
1.01105 , -0.491584
0.986357 , -0.589271
1.10572 , -0.191463
1.03611 , -0.294703
1.06218 , -0.346939
1.00132 , -0.341419
0.992537 , -0.438127
1.10655 , 0.19269
1.07815 , 0.141933
1.02422 , 0.348029
1.05677 , 0.298444
0.957761 , 0.445383
0.988998 , 0.39593
0.964467 , 0.542443
0.88601 , 0.66787
0.895791 , 0.611287
0.677942 , 0.858719
0.705312 , 0.807168
0.391219 , 1.02096
0.444873 , 0.998987
0.502119 , 0.914891
0.55561 , 0.886877
0.615857 , 0.867362
0.260359 , 1.16338
0.381522 , 1.07797
0.277147 , 1.05023
-0.303429 , 1.12468
-0.444548 , 0.988116
-0.367458 , 1.05493
-0.314776 , 1.06674
-0.587832 , 0.985278
-0.593252 , 1.04289
-0.538273 , 1.02514
-0.646306 , 0.969388
-0.941648 , 0.653776
-0.959156 , 0.602943
-0.968139 , 0.549744
-1.03286 , 0.262774
-1.0606 , 0.362104
-1.04777 , 0.419088
-1.03596 , 0.476302
-1.1046 , 0.192327
-1.04681 , 0.203722
-1.12445 , -0.298841
-1.08745 , -0.244837
-1.10567 , -0.192332
-1.07812 , -0.14118
-1.01782 , -0.546595
-1.04575 , -0.447501
-1.03858 , -0.389539
-0.97753 , -0.590477
-0.941519 , -0.649749
-0.603216 , -0.98807
-0.60969 , -0.928038
-0.621099 , -0.869087
-0.706545 , -0.808091
-0.56062 , -0.995999
-0.481376 , -1.0287
-0.278833 , -1.10567
-0.331964 , -1.03038
-0.377153 , -0.99177
-0.170477 , -1.09064
-0.222915 , -1.06234
0.336981 , -1.10032
0.281702 , -1.10798
0.242441 , -1.07093
0.167193 , -1.09102
0.450122 , -1.07435
0.393668 , -1.08754
0.562522 , -1.04603
0.467988 , -1.01509
0.603597 , -0.934551
0.659221 , -0.917391
0.697946 , -0.807428
0.943455 , -0.589156
0.83743 , -0.633181
0.955063 , -0.480975
0.961128 , -0.530949
1.07873 , -0.140731
1.04849 , -0.195529
0.977932 , -0.28773
1.02746 , -0.393128
0.930688 , -0.436944
1.04913 , -0.0290622
1.05958 , -0.0859858
1.05128 , 0.19947
1.02351 , 0.151298
1.00353 , 0.0994097
1.05943 , 0.0867896
1.04898 , 0.029537
0.964615 , 0.34731
0.99782 , 0.299434
0.928824 , 0.496139
0.930559 , 0.394643
0.906801 , 0.552143
0.832764 , 0.689838
0.840238 , 0.631036
0.741419 , 0.761619
0.64676 , 0.810089
0.672316 , 0.758689
0.39801 , 0.963675
0.450094 , 0.940882
0.452831 , 0.883612
0.553083 , 0.830571
0.503927 , 0.857506
0.327788 , 1.09969
0.223346 , 1.07409
-0.208002 , 1.11106
-0.166636 , 1.09111
-0.483943 , 1.00528
-0.390882 , 1.00401
-0.332369 , 1.00982
-0.256772 , 1.07959
-0.52987 , 0.96873
-0.543262 , 0.932573
-0.477439 , 0.941783
-0.659237 , 0.913714
-0.885659 , 0.667632
-0.901056 , 0.611402
-0.90868 , 0.55986
-0.990919 , 0.222343
-1.01917 , 0.320846
-0.962939 , 0.337165
-0.979908 , 0.494649
-1.00528 , 0.378155
-1.05893 , 0.0872197
-1.07711 , 0.143224
-1.0044 , 0.169239
-1.08107 , -0.349613
-1.06683 , -0.293351
-1.03194 , -0.247008
-1.04688 , -0.190082
-1.0194 , -0.13808
-1.05817 , -0.08702
-1.00258 , -0.48946
-0.987486 , -0.431952
-0.992556 , -0.378008
-0.93537 , -0.588689
-0.885833 , -0.663191
-0.832805 , -0.689116
-0.782988 , -0.664268
-0.5565 , -0.941423
-0.56779 , -0.887534
-0.602306 , -0.814195
-0.64772 , -0.806538
-0.508165 , -0.980567
-0.403982 , -0.937973
-0.282519 , -1.06348
-0.26342 , -0.959035
-0.351985 , -0.943727
-0.115853 , -1.06722
-0.166889 , -1.03604
0.114368 , -1.06706
0.0602109 , -1.05151
0.00109056 , -1.04839
0.355075 , -1.04496
0.296971 , -1.04833
0.192204 , -0.983371
0.411882 , -1.03197
0.525634 , -1.004
0.436476 , -0.966159
0.61823 , -0.877477
0.675126 , -0.861253
0.83314 , -0.690983
0.783918 , -0.722244
0.740842 , -0.761608
0.89925 , -0.547946
0.890844 , -0.606965
0.898603 , -0.48806
0.846588 , -0.518459
1.02624 , -0.147703
0.991005 , -0.187338
1.01353 , -0.241112
0.943103 , -0.335042
0.966634 , -0.389455
1.01148 , -0.0999875
0.934315 , -0.175439
1.02708 , 0.249428
0.936261 , 0.193288
0.96845 , 0.145877
0.988661 , 0.0466037
0.94004 , 0.296724
0.970879 , 0.249665
0.871792 , 0.50131
0.89691 , 0.445256
0.905881 , 0.341175
0.819975 , 0.531075
0.784306 , 0.722246
0.786087 , 0.654241
0.855619 , 0.573586
0.738352 , 0.688051
0.59362 , 0.81474
0.613838 , 0.761283
0.346079 , 0.984926
0.349305 , 0.927621
0.401551 , 0.90603
0.455608 , 0.826335
0.451825 , 0.76933
0.271 , 1.10719
0.216752 , 1.12592
0.242821 , 0.968862
0.114313 , 1.06681
-0.113968 , 1.06805
-0.216946 , 1.03446
-0.418571 , 0.948306
-0.359945 , 0.955155
-0.301575 , 0.964664
-0.274943 , 1.0231
-0.602727 , 0.927044
-0.502728 , 0.88869
-0.466802 , 0.840854
-0.678381 , 0.859865
-0.832531 , 0.691806
-0.782424 , 0.72239
-0.858261 , 0.523326
-0.922926 , 0.51149
-0.935768 , 0.238898
-0.977334 , 0.279932
-0.909204 , 0.35254
-0.95025 , 0.395005
-1.04934 , 0.0294226
-1.00108 , 0.0742696
-1.0196 , 0.129959
-0.951189 , 0.17718
-1.04921 , -0.0291757
-1.02537 , -0.332627
-0.989752 , -0.286851
-0.955374 , -0.239951
-0.999368 , -0.0840892
-0.992 , -0.02945
-0.958382 , -0.532183
-0.944939 , -0.474162
-0.910924 , -0.44407
-0.965665 , -0.34008
-0.891463 , -0.602157
-0.835599 , -0.627633
-0.78656 , -0.607998
-0.741485 , -0.762052
-0.783494 , -0.721706
-0.722444 , -0.712672
-0.726184 , -0.655154
-0.504396 , -0.925657
-0.550009 , -0.833443
-0.612542 , -0.757017
-0.683003 , -0.759815
-0.661337 , -0.730683
-0.456208 , -0.962381
-0.357664 , -0.89242
-0.276988 , -1.0103
-0.321268 , -0.972011
-0.0579877 , -1.05233
-0.109285 , -1.02339
-0.218529 , -1.00754
0.194102 , -1.04117
0.144141 , -1.01671
0.0328486 , -0.999195
0.388306 , -0.979713
0.335374 , -0.993362
0.242963 , -1.01295
0.245528 , -0.954949
0.451655 , -0.909958
0.549859 , -0.950506
0.49219 , -0.958662
0.633123 , -0.821021
0.646168 , -0.771595
0.784844 , -0.66213
0.699993 , -0.748626
0.683318 , -0.66276
0.840722 , -0.574801
0.787379 , -0.60214
0.847042 , -0.467058
0.794212 , -0.484367
0.87693 , -0.168875
0.955795 , -0.233506
0.919798 , -0.279521
0.907826 , -0.38211
0.849266 , -0.374074
1.00317 , -0.00566516
0.991911 , -0.0602347
0.993662 , 0.198428
0.910807 , 0.137861
0.946513 , 0.0925268
0.928572 , 0.0378212
0.879538 , 0.288207
0.812378 , 0.485721
0.873007 , 0.388903
0.847176 , 0.336857
0.75448 , 0.484743
0.7211 , 0.63337
0.801629 , 0.586813
0.694983 , 0.726739
0.556286 , 0.771815
0.633317 , 0.712338
0.290876 , 0.999626
0.355651 , 0.870556
0.404713 , 0.848343
0.398421 , 0.791001
0.505858 , 0.800025
0.167626 , 1.09095
0.2069 , 0.924525
0.224461 , 1.02329
0.0546482 , 1.04505
0.108039 , 1.02487
-0.00228615 , 1.04942
-0.0592644 , 1.05366
-0.160038 , 1.03409
-0.442486 , 0.893994
-0.383468 , 0.900537
-0.324252 , 0.908532
-0.265473 , 0.918927
-0.243049 , 0.973562
-0.621247 , 0.869738
-0.56437 , 0.880215
-0.526091 , 0.835156
-0.703651 , 0.808595
-0.740597 , 0.763382
-0.851811 , 0.579398
-0.83813 , 0.635034
-0.780376 , 0.667279
-0.794034 , 0.568089
-0.937193 , 0.454118
-0.895958 , 0.197299
-0.921206 , 0.295342
-0.89827 , 0.409921
-0.84439 , 0.425352
-0.991457 , 0.0249638
-0.943896 , 0.0581952
-0.960226 , 0.117263
-0.873681 , -0.297018
-0.917769 , -0.195434
-0.944688 , -0.0614352
-0.95159 , -0.118274
-0.94091 , -0.00357838
-0.897567 , -0.54081
-0.880346 , -0.397093
-0.940844 , -0.394321
-0.932036 , -0.293014
-0.841651 , -0.566381
-0.793175 , -0.55213
-0.618993 , -0.69917
-0.67263 , -0.676651
-0.453988 , -0.904555
-0.513631 , -0.871412
-0.501344 , -0.80358
-0.565606 , -0.721722
-0.373781 , -0.837192
-0.413617 , -0.878682
-0.204936 , -0.969272
-0.230652 , -0.918589
-0.0317566 , -1.00126
-0.117774 , -0.931716
-0.148943 , -0.980269
0.13912 , -0.95847
0.0912983 , -0.997904
0.0581738 , -0.945472
0.347763 , -0.939209
0.294765 , -0.98694
0.297357 , -0.927258
0.149756 , -0.900808
0.462919 , -0.853024
0.561854 , -0.893043
0.507443 , -0.904793
0.576629 , -0.83631
0.588808 , -0.78299
0.730633 , -0.698458
0.621062 , -0.673178
0.791053 , -0.541835
0.747328 , -0.581533
0.871691 , -0.429068
0.969293 , -0.127002
0.899326 , -0.22388
0.861728 , -0.270752
0.885063 , -0.326937
0.809319 , -0.425446
0.948955 , -0.0185441
0.934623 , -0.0766284
0.915585 , 0.247088
0.890003 , 0.206456
0.853173 , 0.129155
0.863603 , 0.0351036
0.820506 , 0.284964
0.727048 , 0.433018
0.784242 , 0.434927
0.841259 , 0.436473
0.76251 , 0.542928
0.677357 , 0.672723
0.708165 , 0.574695
0.621861 , 0.653566
0.504955 , 0.747199
0.573082 , 0.716653
0.294024 , 0.942676
0.308921 , 0.886485
0.34535 , 0.81382
0.406552 , 0.733816
0.459616 , 0.712945
0.166268 , 1.03272
0.186064 , 0.97846
0.257167 , 0.901367
0.0711338 , 0.981375
0.0149861 , 0.995438
-0.187402 , 0.982111
-0.207004 , 0.926783
-0.407457 , 0.84605
-0.347886 , 0.85321
-0.288969 , 0.86495
-0.230032 , 0.872716
-0.17083 , 0.880716
-0.585131 , 0.824038
-0.554526 , 0.784672
-0.521087 , 0.738672
-0.64415 , 0.814505
-0.722663 , 0.719344
-0.783025 , 0.618479
-0.723325 , 0.659815
-0.832801 , 0.479212
-0.796015 , 0.5187
-0.885307 , 0.466879
-0.90464 , 0.139045
-0.879278 , 0.254473
-0.819566 , 0.274375
-0.865137 , 0.31141
-0.802064 , 0.391139
-0.896737 , 0.0220029
-0.901152 , 0.0805519
-0.898949 , -0.246922
-0.967342 , -0.164724
-0.904251 , -0.152668
-0.996751 , -0.207378
-0.897876 , -0.0950592
-0.888965 , -0.497792
-0.853107 , -0.45036
-0.907396 , -0.345414
-0.848883 , -0.347589
-0.731351 , -0.599116
-0.830422 , -0.505472
-0.626414 , -0.641649
-0.679779 , -0.619347
-0.462572 , -0.84729
-0.454998 , -0.767064
-0.558069 , -0.777
-0.509933 , -0.745189
-0.572889 , -0.66409
-0.300073 , -0.912765
-0.430323 , -0.820738
-0.198133 , -0.873306
-0.258222 , -0.868905
-0.081522 , -0.97258
-0.0867134 , -0.88361
-0.174243 , -0.92538
0.0948036 , -0.921052
0.0602602 , -0.866962
-0.00102769 , -0.954415
0.397612 , -0.922787
0.35313 , -0.883838
0.299231 , -0.867951
0.195707 , -0.925453
0.415102 , -0.809732
0.520597 , -0.850397
0.472585 , -0.797765
0.531267 , -0.794952
0.549234 , -0.74003
0.66023 , -0.715552
0.738537 , -0.639985
0.694248 , -0.607141
0.751903 , -0.445419
0.761448 , -0.385645
0.705084 , -0.394512
0.909041 , -0.120456
0.819075 , -0.16496
0.844597 , -0.216164
0.798782 , -0.261469
0.828391 , -0.318066
0.897545 , -0.0130955
0.851758 , 0.235407
0.870874 , 0.16879
0.794929 , 0.131408
0.889485 , 0.0834476
0.815116 , 0.38567
0.696548 , 0.481875
0.757206 , 0.383579
0.72963 , 0.333035
0.760148 , 0.601677
0.665946 , 0.615212
0.516065 , 0.696207
0.56973 , 0.67252
0.289816 , 0.831921
0.301106 , 0.775965
0.352896 , 0.754332
0.362612 , 0.69675
0.416742 , 0.67541
0.472033 , 0.657451
0.153877 , 0.925111
0.180784 , 0.873598
0.188492 , 0.816361
0.0311974 , 0.94098
-0.0429108 , 0.998739
-0.0995668 , 1.01157
-0.491737 , 0.786809
-0.372645 , 0.798231
-0.312763 , 0.811171
-0.25347 , 0.818883
-0.194503 , 0.826676
-0.112159 , 0.887738
-0.14767 , 0.935665
-0.675644 , 0.757359
-0.617193 , 0.773227
-0.461551 , 0.735618
-0.674067 , 0.685386
-0.728066 , 0.601029
-0.674448 , 0.626061
-0.794875 , 0.453092
-0.740601 , 0.543093
-0.854145 , 0.1049
-0.84997 , 0.16298
-0.841802 , 0.220589
-0.766068 , 0.299355
-0.855757 , 0.369215
-0.751657 , 0.420245
-0.892997 , -0.0365124
-0.755061 , 0.095678
-0.842224 , -0.246419
-0.858492 , -0.189121
-0.850343 , -0.129739
-0.845868 , -0.0709501
-0.845049 , -0.0118285
-0.771536 , -0.500255
-0.796462 , -0.450833
-0.822529 , -0.39915
-0.757185 , -0.301093
-0.687261 , -0.562025
-0.634132 , -0.584007
-0.644009 , -0.524663
-0.388221 , -0.78142
-0.411261 , -0.72869
-0.465796 , -0.708754
-0.519604 , -0.687001
-0.535854 , -0.57144
-0.315848 , -0.854916
-0.332446 , -0.798244
-0.221373 , -0.822312
-0.276419 , -0.812517
-0.0486145 , -0.92464
-0.0333873 , -0.868096
-0.141666 , -0.879488
0.106977 , -0.869722
0.0970073 , -0.817658
0.406667 , -0.865777
0.301042 , -0.808594
0.247072 , -0.896241
0.19789 , -0.867189
0.358154 , -0.827562
0.493795 , -0.748418
0.382373 , -0.763231
0.564466 , -0.684393
0.508479 , -0.694483
0.604844 , -0.728113
0.740694 , -0.505104
0.709834 , -0.552747
0.694167 , -0.450684
0.721894 , -0.339844
0.875478 , -0.067792
0.848545 , -0.118152
0.794159 , -0.210214
0.774724 , -0.314818
0.798897 , -0.36797
0.839027 , -0.0184978
0.792253 , 0.233811
0.822643 , 0.1834
0.737132 , 0.129939
0.827391 , 0.0818765
0.788656 , 0.334185
0.639218 , 0.487937
0.698564 , 0.382606
0.701424 , 0.282897
0.657452 , 0.544346
0.709689 , 0.520911
0.524795 , 0.640149
0.575509 , 0.617537
0.624387 , 0.591265
0.234717 , 0.851097
0.244529 , 0.793711
0.307752 , 0.716962
0.318981 , 0.659202
0.374506 , 0.639211
0.12864 , 0.976449
0.0959989 , 0.929054
0.193586 , 0.763226
-0.0282803 , 0.947609
-0.0886884 , 0.949625
-0.432556 , 0.79183
-0.402589 , 0.745993
-0.335029 , 0.756837
-0.276969 , 0.765339
-0.218576 , 0.773267
-0.135509 , 0.833398
-0.0594891 , 0.896705
-0.632721 , 0.715233
-0.577479 , 0.731526
-0.508846 , 0.694791
-0.622536 , 0.656055
-0.68593 , 0.565925
-0.631494 , 0.589333
-0.747507 , 0.484277
-0.803039 , 0.128527
-0.796754 , 0.186246
-0.719226 , 0.265646
-0.810595 , 0.332953
-0.758194 , 0.359742
-0.852142 , 0.0464541
-0.795974 , 0.0127339
-0.815326 , -0.297998
-0.807528 , -0.205669
-0.801175 , -0.161904
-0.797629 , -0.103633
-0.795015 , -0.0455488
-0.738097 , -0.543805
-0.738729 , -0.454408
-0.732494 , -0.353765
-0.790585 , -0.350559
-0.683022 , -0.455977
-0.580721 , -0.606416
-0.588533 , -0.548617
-0.369434 , -0.689668
-0.422175 , -0.671396
-0.474491 , -0.650553
-0.527263 , -0.62863
-0.292202 , -0.757394
-0.347442 , -0.742431
-0.164185 , -0.827519
-0.238484 , -0.767514
0.0153859 , -0.903143
0.00434129 , -0.841465
-0.104951 , -0.830558
0.198956 , -0.808794
0.149952 , -0.8398
0.330564 , -0.777873
0.249575 , -0.77786
0.24922 , -0.837124
0.145176 , -0.783129
0.437698 , -0.750316
0.451666 , -0.692204
0.582611 , -0.629745
0.525135 , -0.640594
0.640012 , -0.622295
0.679957 , -0.506358
0.655067 , -0.56651
0.650287 , -0.408225
0.815741 , -0.0701737
0.785218 , -0.118789
0.761583 , -0.171111
0.745381 , -0.226486
0.731605 , -0.282483
0.804967 , 0.0293131
0.733069 , 0.232914
0.763757 , 0.182477
0.709025 , 0.0782186
0.768202 , 0.0787882
0.760679 , 0.283381
0.669082 , 0.433007
0.670346 , 0.333176
0.598408 , 0.541999
0.431049 , 0.618472
0.488448 , 0.598842
0.214106 , 0.708994
0.257462 , 0.737465
0.263254 , 0.678497
0.275025 , 0.620943
0.329945 , 0.601249
0.056347 , 0.890108
0.123177 , 0.878184
0.130958 , 0.820994
-0.00154766 , 0.89589
-0.131439 , 0.985827
-0.424817 , 0.690126
-0.369628 , 0.70952
-0.327658 , 0.671977
-0.241637 , 0.719474
-0.160213 , 0.779872
-0.10109 , 0.785534
-0.0767761 , 0.839654
-0.565718 , 0.675142
-0.471545 , 0.656988
-0.700602 , 0.4481
-0.578526 , 0.615774
-0.693501 , 0.507022
-0.706372 , 0.387287
-0.70484 , 0.121989
-0.7515 , 0.152796
-0.771954 , 0.238673
-0.713085 , 0.325588
-0.660286 , 0.352424
-0.743688 , -0.01879
-0.80321 , 0.0704018
-0.782537 , -0.248582
-0.748746 , -0.135538
-0.748907 , -0.196711
-0.744528 , -0.0769976
-0.70079 , -0.502286
-0.707378 , -0.405719
-0.764697 , -0.40249
-0.699157 , -0.305951
-0.591321 , -0.496838
-0.539879 , -0.514691
-0.552246 , -0.459207
-0.307019 , -0.7021
-0.38004 , -0.63228
-0.430936 , -0.612127
-0.482381 , -0.591391
-0.250701 , -0.711449
-0.129479 , -0.782265
-0.184563 , -0.778578
-0.0490268 , -0.810873
-0.0789345 , -0.759009
0.0872548 , -0.761223
-0.00515261 , -0.779569
0.397192 , -0.707619
0.288989 , -0.739136
0.239649 , -0.711388
0.195969 , -0.752138
0.46535 , -0.633954
0.407775 , -0.651158
0.606155 , -0.576201
0.552752 , -0.58468
0.637929 , -0.464768
0.6235 , -0.519726
0.664672 , -0.352089
0.780219 , -0.0241309
0.748842 , -0.0743416
0.723825 , -0.127892
0.7056 , -0.184026
0.69035 , -0.239775
0.676958 , -0.295859
0.673897 , 0.233142
0.704809 , 0.182389
0.678351 , 0.130279
0.747487 , 0.0247328
0.64213 , 0.283354
0.582262 , 0.485188
0.611132 , 0.435713
0.639783 , 0.383851
0.544557 , 0.576527
0.385445 , 0.581555
0.442447 , 0.561018
0.497702 , 0.539284
0.134096 , 0.764876
0.156875 , 0.716824
0.179067 , 0.666249
0.235518 , 0.578048
0.340682 , 0.54375
0.0273994 , 0.845659
0.0814468 , 0.83897
-0.380312 , 0.652006
-0.325143 , 0.62519
-0.272678 , 0.656528
-0.298932 , 0.711227
-0.18421 , 0.726475
-0.126467 , 0.732354
-0.0419771 , 0.789931
-0.0269642 , 0.844902
-0.524396 , 0.635078
-0.479629 , 0.598729
-0.646278 , 0.471122
-0.585326 , 0.553034
-0.639302 , 0.529854
-0.672163 , 0.231854
-0.722625 , 0.201959
-0.66651 , 0.293057
-0.612407 , 0.317574
-0.606106 , 0.376565
-0.653262 , 0.412387
-0.692576 , -0.0483422
-0.744624 , 0.039396
-0.723566 , -0.252382
-0.684646 , -0.211577
-0.627527 , -0.217439
-0.706238 , -0.160635
-0.650013 , -0.411001
-0.674539 , -0.358514
-0.639464 , -0.31556
-0.628277 , -0.466723
-0.491425 , -0.533713
-0.498235 , -0.475413
-0.328047 , -0.652271
-0.333404 , -0.598443
-0.385982 , -0.57467
-0.437535 , -0.554245
-0.13284 , -0.72699
-0.192851 , -0.725217
-0.0271765 , -0.728623
-0.0797676 , -0.699037
0.0814385 , -0.704469
0.0430809 , -0.798597
0.0321104 , -0.738274
0.342635 , -0.722586
0.292098 , -0.682485
0.183488 , -0.696424
0.135532 , -0.729156
0.457075 , -0.574454
0.40128 , -0.59276
0.568816 , -0.532874
0.51442 , -0.546406
0.502126 , -0.596887
0.594815 , -0.423811
0.581965 , -0.479686
0.608413 , -0.367806
0.690723 , 0.0227956
0.721414 , -0.0268501
0.666097 , -0.141666
0.649177 , -0.19852
0.634789 , -0.254924
0.621404 , -0.311445
0.614611 , 0.232884
0.645835 , 0.182357
0.619633 , 0.133704
0.650039 , 0.0799066
0.664684 , -0.0314558
0.611206 , 0.333969
0.545894 , 0.518467
0.551563 , 0.436822
0.581046 , 0.384963
0.39636 , 0.524404
0.451049 , 0.502253
0.505143 , 0.477692
0.0769234 , 0.782093
0.128762 , 0.665801
0.162992 , 0.613028
0.218703 , 0.635855
0.285049 , 0.562239
0.344002 , 0.485869
0.017869 , 0.79224
-0.427033 , 0.622489
-0.377074 , 0.593481
-0.213443 , 0.668947
-0.276132 , 0.589339
-0.153879 , 0.679941
-0.0950295 , 0.683825
-0.0684175 , 0.736936
-0.53318 , 0.576838
-0.53804 , 0.517962
-0.59196 , 0.494315
-0.694986 , 0.0696862
-0.650249 , 0.108255
-0.671228 , 0.16691
-0.620183 , 0.259112
-0.564428 , 0.282652
-0.59876 , 0.435414
-0.544444 , 0.459069
-0.693719 , 0.0112789
-0.639716 , 0.0509412
-0.661787 , -0.26306
-0.570545 , -0.22372
-0.650816 , -0.16637
-0.687301 , -0.108314
-0.593071 , -0.420288
-0.614063 , -0.366853
-0.54875 , -0.277333
-0.392663 , -0.516972
-0.457858 , -0.435074
-0.516122 , -0.419501
-0.27259 , -0.656793
-0.228825 , -0.623529
-0.275608 , -0.59625
-0.315285 , -0.551412
-0.125809 , -0.660464
-0.16172 , -0.676215
-0.217513 , -0.671117
0.0288428 , -0.680984
-0.0280456 , -0.671685
0.0769434 , -0.644939
0.349834 , -0.666552
0.288898 , -0.625148
0.236734 , -0.650851
0.129435 , -0.672394
0.128836 , -0.615512
0.413037 , -0.535207
0.525895 , -0.49506
0.481275 , -0.459317
0.468953 , -0.516832
0.565719 , -0.327954
0.53961 , -0.440325
0.689484 , -0.0801137
0.608659 , -0.157307
0.593022 , -0.214459
0.536969 , -0.23102
0.579012 , -0.271285
0.58262 , 0.282823
0.586837 , 0.184326
0.561519 , 0.143233
0.592914 , 0.0934711
0.64943 , 0.023241
0.552156 , 0.333639
0.496232 , 0.420939
0.522547 , 0.384712
0.397024 , 0.467298
0.448877 , 0.4482
0.0468495 , 0.739045
0.0992289 , 0.716873
0.105045 , 0.612724
0.136103 , 0.561634
0.193925 , 0.564841
0.291953 , 0.5032
-0.00993454 , 0.740126
-0.432656 , 0.565028
-0.383563 , 0.534926
-0.329226 , 0.564513
-0.23231 , 0.61145
-0.176926 , 0.625639
-0.1201 , 0.632758
-0.0629801 , 0.635188
-0.485168 , 0.54067
-0.49095 , 0.482606
-0.594448 , 0.0902729
-0.607255 , 0.147397
-0.626178 , 0.200025
-0.580706 , 0.230551
-0.558217 , 0.341712
-0.551033 , 0.400247
-0.638968 , -0.0640368
-0.605072 , -0.269905
-0.593869 , -0.171058
-0.623196 , -0.119666
-0.581945 , -0.323566
-0.492031 , -0.284303
-0.482662 , -0.193401
-0.446554 , -0.49669
-0.438058 , -0.38613
-0.555711 , -0.376113
-0.2146 , -0.578093
-0.257736 , -0.538521
-0.353493 , -0.506567
-0.298742 , -0.496145
-0.0729237 , -0.6373
-0.172278 , -0.618553
-0.0198396 , -0.61446
-0.00955179 , -0.557115
0.344958 , -0.609125
0.239952 , -0.589016
0.18292 , -0.595345
0.179502 , -0.643661
0.0903748 , -0.586178
0.496121 , -0.402508
0.425512 , -0.47748
0.36981 , -0.495617
0.523199 , -0.288317
0.552614 , -0.384258
0.635055 , -0.104305
0.575733 , -0.108156
0.551874 , -0.173825
0.494789 , -0.190518
0.481452 , -0.249031
0.46757 , -0.306271
0.555416 , 0.234263
0.527038 , 0.190865
0.53538 , 0.0974183
0.597759 , 0.037794
0.609671 , -0.0168575
0.523258 , 0.283538
0.456657 , 0.378896
0.493132 , 0.333962
0.354457 , 0.428738
0.409208 , 0.411401
-0.0369337 , 0.687536
0.0211038 , 0.689649
0.0733181 , 0.6641
0.0782072 , 0.561433
0.177426 , 0.509528
0.234411 , 0.518581
0.301586 , 0.443822
-0.437217 , 0.506842
-0.335953 , 0.50702
-0.281161 , 0.528837
-0.230428 , 0.549257
-0.192241 , 0.566112
-0.142262 , 0.58497
-0.0889536 , 0.580762
-0.030909 , 0.587252
-0.442993 , 0.448379
-0.646357 , -0.00664443
-0.538325 , 0.0734491
-0.564684 , 0.18819
-0.511152 , 0.306888
-0.502609 , 0.364707
-0.49663 , 0.423646
-0.582523 , -0.0773707
-0.51502 , -0.23201
-0.565376 , -0.128922
-0.523992 , -0.330438
-0.481106 , -0.142574
-0.402542 , -0.458733
-0.382408 , -0.403696
-0.496636 , -0.382317
-0.20116 , -0.521404
-0.243511 , -0.481142
-0.0631822 , -0.579768
-0.117241 , -0.600929
-0.158443 , -0.561435
0.0289474 , -0.629311
-0.0452411 , -0.523543
0.356759 , -0.553022
0.300294 , -0.570213
0.257511 , -0.529939
0.200117 , -0.541191
0.141809 , -0.555356
0.509698 , -0.345422
0.439859 , -0.420301
0.327714 , -0.454837
0.453763 , -0.363279
0.62229 , -0.0695783
0.519071 , -0.0834394
0.526366 , -0.141258
0.439901 , -0.2107
0.411793 , -0.324129
0.491595 , 0.237804
0.502599 , 0.141476
0.48143 , 0.0871529
0.546404 , 0.0531205
0.555977 , 0.000479648
0.374436 , 0.371537
0.420932 , 0.333365
0.316355 , 0.385764
-0.00480974 , 0.638641
0.0470015 , 0.612004
0.0145159 , 0.504614
0.123261 , 0.505221
0.210203 , 0.460842
0.250061 , 0.461002
-0.389929 , 0.476347
-0.346235 , 0.450021
-0.291397 , 0.469916
-0.23607 , 0.488855
-0.186924 , 0.504935
-0.140655 , 0.534607
-0.0900039 , 0.52053
-0.447359 , 0.388325
-0.590078 , -0.020101
-0.583573 , 0.0354558
-0.55146 , 0.130489
-0.526107 , 0.235395
-0.477581 , 0.27208
-0.454552 , 0.328306
-0.536259 , -0.0419507
-0.534789 , -0.175409
-0.520131 , -0.0985366
-0.465531 , -0.33506
-0.344203 , -0.44871
-0.325495 , -0.395962
-0.407538 , -0.336696
-0.186856 , -0.465544
-0.228382 , -0.426363
-0.0876774 , -0.486542
-0.101811 , -0.543937
0.0382882 , -0.57853
0.313739 , -0.512715
0.271591 , -0.471563
0.16489 , -0.495821
0.111157 , -0.509976
0.0610358 , -0.533916
0.355897 , -0.340545
0.383887 , -0.437847
0.285527 , -0.414181
0.567427 , -0.0542025
0.506911 , -0.0265941
0.474665 , -0.118012
0.449644 , -0.152981
0.42607 , -0.26745
0.397745 , -0.380886
0.458592 , 0.286601
0.46792 , 0.187435
0.446929 , 0.134127
0.421187 , 0.0912564
0.443268 , 0.0456116
0.364573 , 0.318144
0.400212 , 0.276584
0.278023 , 0.347648
0.0204162 , 0.560988
-0.0338566 , 0.538378
0.0992156 , 0.453114
0.155973 , 0.455819
0.141347 , 0.399538
0.258844 , 0.402188
-0.39612 , 0.417606
-0.356956 , 0.393127
-0.249274 , 0.430097
-0.194638 , 0.444085
-0.137085 , 0.439629
-0.131545 , 0.478404
-0.0403576 , 0.489947
-0.397975 , 0.352324
-0.528749 , 0.0158673
-0.483102 , 0.0535975
-0.493179 , 0.111946
-0.451792 , 0.15453
-0.50894 , 0.169102
-0.412685 , 0.293756
-0.483919 , -0.0573483
-0.459499 , -0.243748
-0.427762 , -0.19824
-0.428999 , -0.290185
-0.285843 , -0.440022
-0.360203 , -0.349373
-0.171136 , -0.410254
-0.26886 , -0.386076
0.0121203 , -0.502776
-0.14448 , -0.504641
0.0258421 , -0.445446
0.218704 , -0.485736
0.124188 , -0.455677
0.0682491 , -0.476349
0.314637 , -0.299906
0.341643 , -0.397582
0.2313 , -0.428723
0.497679 , 0.0307568
0.419727 , -0.101494
0.376404 , -0.13987
0.396218 , -0.174134
0.3702 , -0.284038
0.432973 , 0.233235
0.410976 , 0.178658
0.382644 , 0.125706
0.397337 , 0.0124228
0.309147 , 0.300888
0.342499 , 0.262435
0.0715597 , 0.504525
0.042854 , 0.45512
0.0853628 , 0.397485
0.199212 , 0.402918
0.172745 , 0.349047
-0.336203 , 0.350668
-0.302743 , 0.412077
-0.223139 , 0.378285
-0.16587 , 0.390138
-0.0994561 , 0.396045
-0.077253 , 0.450696
-0.473968 , -0.00400018
-0.437438 , 0.089381
-0.399838 , 0.125683
-0.402245 , 0.185762
-0.470901 , 0.211656
-0.322222 , 0.251077
-0.358109 , 0.296863
-0.44597 , -0.0907881
-0.39727 , -0.241776
-0.418775 , -0.14709
-0.367049 , -0.291622
-0.198177 , -0.317194
-0.252106 , -0.331815
-0.305982 , -0.34295
-0.129528 , -0.448384
-0.114762 , -0.392168
-0.0301058 , -0.466398
-0.0717843 , -0.429779
0.178691 , -0.439613
0.191535 , -0.38285
0.136555 , -0.400054
0.0808428 , -0.419685
0.328614 , -0.243398
0.300115 , -0.356984
0.244854 , -0.372141
0.452339 , -0.00635368
0.462797 , -0.0628323
0.364941 , -0.0834223
0.337467 , -0.184424
0.383945 , -0.22762
0.374474 , 0.223342
0.354348 , 0.167603
0.375645 , 0.0667627
0.341555 , 0.021601
0.227655 , 0.350587
0.251298 , 0.295916
0.316337 , 0.208827
-0.00919455 , 0.442466
0.0284422 , 0.399797
0.0557421 , 0.348462
0.114462 , 0.347786
0.143328 , 0.297015
0.201569 , 0.297029
-0.29977 , 0.30517
-0.278612 , 0.359702
-0.242147 , 0.316929
-0.185759 , 0.333728
-0.0638424 , 0.35039
-0.0393717 , 0.403135
-0.423005 , -0.0324287
-0.426978 , 0.0301735
-0.363019 , 0.141297
-0.380804 , 0.242802
-0.430369 , 0.237747
-0.285168 , 0.206506
-0.38998 , -0.0991564
-0.339672 , -0.237833
-0.349282 , -0.138444
-0.306788 , -0.286533
-0.212623 , -0.371946
-0.247337 , -0.275915
-0.283669 , -0.231555
-0.0592787 , -0.372295
-0.101895 , -0.335817
-0.0162294 , -0.408882
0.2591 , -0.31585
0.148397 , -0.343645
0.0391228 , -0.387791
0.215847 , -0.267507
0.273038 , -0.259678
0.408469 , -0.0445871
0.35356 , -0.0272572
0.321657 , -0.121591
0.284412 , -0.205925
0.298918 , 0.151724
0.268948 , 0.102141
0.297371 , -0.0141246
0.284754 , 0.248213
0.258387 , 0.193492
-0.00394931 , 0.353997
0.084915 , 0.298015
0.113254 , 0.24696
0.171934 , 0.245226
0.227306 , 0.242636
-0.263416 , 0.260803
-0.149459 , 0.289018
-0.128073 , 0.34454
-0.0316732 , 0.302036
-0.372762 , 0.0125168
-0.380818 , 0.0689439
-0.326741 , 0.0953379
-0.305549 , 0.151653
-0.34393 , 0.196613
-0.377282 , -0.0440254
-0.371913 , -0.188873
-0.294816 , -0.126091
-0.156832 , -0.354784
-0.190343 , -0.263397
-0.229551 , -0.221185
-0.312915 , -0.182577
-0.00444185 , -0.350907
-0.0479228 , -0.314544
0.159727 , -0.28639
0.0930489 , -0.362863
0.0497993 , -0.328053
0.227111 , -0.209339
0.203659 , -0.325424
0.310225 , -0.0652132
0.266469 , -0.10286
0.285388 , -0.155416
0.328595 , 0.101582
0.295871 , 0.0526898
0.227505 , 0.142736
-0.0583405 , 0.252385
0.026714 , 0.302025
0.0547104 , 0.249045
0.140154 , 0.195053
0.198351 , 0.192169
-0.225114 , 0.215606
-0.206356 , 0.274377
-0.0918146 , 0.299628
-0.283931 , -0.0681119
-0.325089 , -0.0241194
-0.269486 , 0.0479462
-0.268475 , 0.106585
-0.247665 , 0.161534
-0.335744 , -0.0830656
-0.254162 , -0.169412
-0.14472 , -0.298921
-0.135806 , -0.244203
-0.178201 , -0.207305
0.00572295 , -0.291948
-0.0915411 , -0.278971
0.104334 , -0.305843
0.0594476 , -0.269977
0.229975 , -0.149283
0.249982 , -0.0473592
0.177616 , -0.0400335
0.21079 , -0.0874732
0.228569 , 0.0605476
0.256111 , 0.0102737
-0.112312 , 0.24538
-0.00166207 , 0.251505
0.0239662 , 0.199291
0.0819457 , 0.19772
0.166484 , 0.142924
-0.186566 , 0.169239
-0.270382 , -0.010761
-0.325548 , 0.0358273
-0.218691 , 0.00618718
-0.211293 , 0.118885
-0.238931 , -0.111455
-0.0839111 , -0.222413
-0.129303 , -0.188517
-0.195258 , -0.153832
0.0125762 , -0.233761
0.170607 , -0.229227
0.114471 , -0.24856
0.0672877 , -0.213157
0.199065 , 0.010533
0.136171 , -0.0802652
0.18011 , -0.117926
0.177885 , -0.175776
0.192017 , 0.0956362
0.160202 , 0.0462431
-0.169637 , 0.233942
-0.0321575 , 0.202458
-0.0103718 , 0.150373
0.107526 , 0.145932
-0.140852 , 0.19907
-0.228183 , -0.0527057
-0.175637 , -0.0347638
-0.214359 , 0.0653344
-0.0391563 , -0.257263
-0.0352547 , -0.197565
-0.0844429 , -0.162479
-0.137926 , -0.133189
0.122447 , -0.193813
0.0716189 , -0.155503
0.131495 , -0.00471096
0.0913113 , -0.0451662
0.133117 , 0.0947716
-0.0872067 , 0.190479
-0.0668955 , 0.133664
-0.0459246 , 0.0765344
0.0485616 , 0.146575
-0.160691 , 0.0942208
-0.184584 , -0.0943844
-0.12803 , -0.0115577
-0.166261 , 0.0335368
0.0181782 , -0.175447
-0.0310054 , -0.13806
-0.0788956 , -0.102962
-0.130181 , -0.0729126
0.12582 , -0.136611
0.0240643 , -0.117091
0.0744657 , 0.0972192
0.101668 , 0.0455361
0.0126622 , 0.0961604
-0.129965 , 0.14679
-0.103007 , 0.0956456
-0.0198001 , 0.0407121
-0.116042 , 0.0429036
-0.0785802 , -0.0432968
-0.0234066 , -0.0790713
-0.028864 , -0.0196647
0.0799293 , -0.0983225
0.0396901 , 0.0502324
-0.0753773 , 0.017667
0.0175743 , -0.00385507
0.0335722 , -0.0599807
0.0700066 , 0.00290946
1.7 , 0
1.69591 , 0.0493784
1.68375 , 0.0974098
1.66384 , 0.142784
1.63674 , 0.184264
1.60318 , 0.220717
1.56408 , 0.25115
1.52051 , 0.274732
1.47365 , 0.29082
1.42477 , 0.298975
1.37523 , 0.298975
1.32635 , 0.29082
1.27949 , 0.274732
1.23592 , 0.25115
1.19682 , 0.220717
1.16326 , 0.184264
1.13616 , 0.142784
1.11625 , 0.0974098
1.10409 , 0.0493784
1.1 , 3.67394e-17
1.10409 , -0.0493784
1.11625 , -0.0974098
1.13616 , -0.142784
1.16326 , -0.184264
1.19682 , -0.220717
1.23592 , -0.25115
1.27949 , -0.274732
1.32635 , -0.29082
1.37523 , -0.298975
1.42477 , -0.298975
1.47365 , -0.29082
1.52051 , -0.274732
1.56408 , -0.25115
1.60318 , -0.220717
1.63674 , -0.184264
1.66384 , -0.142784
1.68375 , -0.0974098
1.69591 , -0.0493784
-1.1 , 0
-1.10409 , 0.0493784
-1.11625 , 0.0974098
-1.13616 , 0.142784
-1.16326 , 0.184264
-1.19682 , 0.220717
-1.23592 , 0.25115
-1.27949 , 0.274732
-1.32635 , 0.29082
-1.37523 , 0.298975
-1.42477 , 0.298975
-1.47365 , 0.29082
-1.52051 , 0.274732
-1.56408 , 0.25115
-1.60318 , 0.220717
-1.63674 , 0.184264
-1.66384 , 0.142784
-1.68375 , 0.0974098
-1.69591 , 0.0493784
-1.7 , 3.67394e-17
-1.69591 , -0.0493784
-1.68375 , -0.0974098
-1.66384 , -0.142784
-1.63674 , -0.184264
-1.60318 , -0.220717
-1.56408 , -0.25115
-1.52051 , -0.274732
-1.47365 , -0.29082
-1.42477 , -0.298975
-1.37523 , -0.298975
-1.32635 , -0.29082
-1.27949 , -0.274732
-1.23592 , -0.25115
-1.19682 , -0.220717
-1.16326 , -0.184264
-1.13616 , -0.142784
-1.11625 , -0.0974098
-1.10409 , -0.0493784
0.3 , 1.4
0.295908 , 1.44938
0.283745 , 1.49741
0.263842 , 1.54278
0.236742 , 1.58426
0.203184 , 1.62072
0.164084 , 1.65115
0.120509 , 1.67473
0.0736456 , 1.69082
0.0247738 , 1.69898
-0.0247738 , 1.69898
-0.0736456 , 1.69082
-0.120509 , 1.67473
-0.164084 , 1.65115
-0.203184 , 1.62072
-0.236742 , 1.58426
-0.263842 , 1.54278
-0.283745 , 1.49741
-0.295908 , 1.44938
-0.3 , 1.4
-0.295908 , 1.35062
-0.283745 , 1.30259
-0.263842 , 1.25722
-0.236742 , 1.21574
-0.203184 , 1.17928
-0.164084 , 1.14885
-0.120509 , 1.12527
-0.0736456 , 1.10918
-0.0247738 , 1.10102
0.0247738 , 1.10102
0.0736456 , 1.10918
0.120509 , 1.12527
0.164084 , 1.14885
0.203184 , 1.17928
0.236742 , 1.21574
0.263842 , 1.25722
0.283745 , 1.30259
0.295908 , 1.35062
0.3 , -1.4
0.295908 , -1.35062
0.283745 , -1.30259
0.263842 , -1.25722
0.236742 , -1.21574
0.203184 , -1.17928
0.164084 , -1.14885
0.120509 , -1.12527
0.0736456 , -1.10918
0.0247738 , -1.10102
-0.0247738 , -1.10102
-0.0736456 , -1.10918
-0.120509 , -1.12527
-0.164084 , -1.14885
-0.203184 , -1.17928
-0.236742 , -1.21574
-0.263842 , -1.25722
-0.283745 , -1.30259
-0.295908 , -1.35062
-0.3 , -1.4
-0.295908 , -1.44938
-0.283745 , -1.49741
-0.263842 , -1.54278
-0.236742 , -1.58426
-0.203184 , -1.62072
-0.164084 , -1.65115
-0.120509 , -1.67473
-0.0736456 , -1.69082
-0.0247738 , -1.69898
0.0247738 , -1.69898
0.0736456 , -1.69082
0.120509 , -1.67473
0.164084 , -1.65115
0.203184 , -1.62072
0.236742 , -1.58426
0.263842 , -1.54278
0.283745 , -1.49741
0.295908 , -1.44938
1.3 , 1
1.29591 , 1.04938
1.28375 , 1.09741
1.26384 , 1.14278
1.23674 , 1.18426
1.20318 , 1.22072
1.16408 , 1.25115
1.12051 , 1.27473
1.07365 , 1.29082
1.02477 , 1.29898
0.975226 , 1.29898
0.926354 , 1.29082
0.879491 , 1.27473
0.835916 , 1.25115
0.796816 , 1.22072
0.763258 , 1.18426
0.736158 , 1.14278
0.716255 , 1.09741
0.704092 , 1.04938
0.7 , 1
0.704092 , 0.950622
0.716255 , 0.90259
0.736158 , 0.857216
0.763258 , 0.815736
0.796816 , 0.779283
0.835916 , 0.74885
0.879491 , 0.725268
0.926354 , 0.70918
0.975226 , 0.701025
1.02477 , 0.701025
1.07365 , 0.70918
1.12051 , 0.725268
1.16408 , 0.74885
1.20318 , 0.779283
1.23674 , 0.815736
1.26384 , 0.857216
1.28375 , 0.90259
1.29591 , 0.950622
-0.7 , 1
-0.704092 , 1.04938
-0.716255 , 1.09741
-0.736158 , 1.14278
-0.763258 , 1.18426
-0.796816 , 1.22072
-0.835916 , 1.25115
-0.879491 , 1.27473
-0.926354 , 1.29082
-0.975226 , 1.29898
-1.02477 , 1.29898
-1.07365 , 1.29082
-1.12051 , 1.27473
-1.16408 , 1.25115
-1.20318 , 1.22072
-1.23674 , 1.18426
-1.26384 , 1.14278
-1.28375 , 1.09741
-1.29591 , 1.04938
-1.3 , 1
-1.29591 , 0.950622
-1.28375 , 0.90259
-1.26384 , 0.857216
-1.23674 , 0.815736
-1.20318 , 0.779283
-1.16408 , 0.74885
-1.12051 , 0.725268
-1.07365 , 0.70918
-1.02477 , 0.701025
-0.975226 , 0.701025
-0.926354 , 0.70918
-0.879491 , 0.725268
-0.835916 , 0.74885
-0.796816 , 0.779283
-0.763258 , 0.815736
-0.736158 , 0.857216
-0.716255 , 0.90259
-0.704092 , 0.950622
1.3 , -1
1.29591 , -0.950622
1.28375 , -0.90259
1.26384 , -0.857216
1.23674 , -0.815736
1.20318 , -0.779283
1.16408 , -0.74885
1.12051 , -0.725268
1.07365 , -0.70918
1.02477 , -0.701025
0.975226 , -0.701025
0.926354 , -0.70918
0.879491 , -0.725268
0.835916 , -0.74885
0.796816 , -0.779283
0.763258 , -0.815736
0.736158 , -0.857216
0.716255 , -0.90259
0.704092 , -0.950622
0.7 , -1
0.704092 , -1.04938
0.716255 , -1.09741
0.736158 , -1.14278
0.763258 , -1.18426
0.796816 , -1.22072
0.835916 , -1.25115
0.879491 , -1.27473
0.926354 , -1.29082
0.975226 , -1.29898
1.02477 , -1.29898
1.07365 , -1.29082
1.12051 , -1.27473
1.16408 , -1.25115
1.20318 , -1.22072
1.23674 , -1.18426
1.26384 , -1.14278
1.28375 , -1.09741
1.29591 , -1.04938
-0.7 , -1
-0.704092 , -0.950622
-0.716255 , -0.90259
-0.736158 , -0.857216
-0.763258 , -0.815736
-0.796816 , -0.779283
-0.835916 , -0.74885
-0.879491 , -0.725268
-0.926354 , -0.70918
-0.975226 , -0.701025
-1.02477 , -0.701025
-1.07365 , -0.70918
-1.12051 , -0.725268
-1.16408 , -0.74885
-1.20318 , -0.779283
-1.23674 , -0.815736
-1.26384 , -0.857216
-1.28375 , -0.90259
-1.29591 , -0.950622
-1.3 , -1
-1.29591 , -1.04938
-1.28375 , -1.09741
-1.26384 , -1.14278
-1.23674 , -1.18426
-1.20318 , -1.22072
-1.16408 , -1.25115
-1.12051 , -1.27473
-1.07365 , -1.29082
-1.02477 , -1.29898
-0.975226 , -1.29898
-0.926354 , -1.29082
-0.879491 , -1.27473
-0.835916 , -1.25115
-0.796816 , -1.22072
-0.763258 , -1.18426
-0.736158 , -1.14278
-0.716255 , -1.09741
-0.704092 , -1.04938
