0.05 , -1
0.05 , 1
0.1 , -1
0.1 , 1
0.15 , -1
0.15 , 1
0.2 , -1
0.2 , 1
0.25 , -1
0.25 , 1
0.3 , -1
0.3 , 1
0.35 , -1
0.35 , 1
0.4 , -1
0.4 , 1
0.45 , -1
0.45 , 1
0.5 , -1
0.5 , 1
0.55 , -1
0.55 , 1
0.6 , -1
0.6 , 1
0.65 , -1
0.65 , 1
0.7 , -1
0.7 , 1
0.75 , -1
0.75 , 1
0.8 , -1
0.8 , 1
0.85 , -1
0.85 , 1
0.9 , -1
0.9 , 1
0.95 , -1
0.95 , 1
1 , -1
1 , 1
1.05 , -1
1.05 , 1
1.1 , -1
1.1 , 1
1.15 , -1
1.15 , 1
1.2 , -1
1.2 , 1
1.25 , -1
1.25 , 1
1.3 , -1
1.3 , 1
1.35 , -1
1.35 , 1
1.4 , -1
1.4 , 1
1.45 , -1
1.45 , 1
1.5 , -1
1.5 , 1
1.55 , -1
1.55 , 1
1.6 , -1
1.6 , 1
1.65 , -1
1.65 , 1
1.7 , -1
1.7 , 1
1.75 , -1
1.75 , 1
1.8 , -1
1.8 , 1
1.85 , -1
1.85 , 1
1.9 , -1
1.9 , 1
1.95 , -1
1.95 , 1
2 , -1
2 , 1
2.05 , -1
2.05 , 1
2.1 , -1
2.1 , 1
2.15 , -1
2.15 , 1
2.2 , -1
2.2 , 1
2.25 , -1
2.25 , 1
2.3 , -1
2.3 , 1
2.35 , -1
2.35 , 1
2.4 , -1
2.4 , 1
2.45 , -1
2.45 , 1
2.5 , -1
2.5 , 1
2.55 , -1
2.55 , 1
2.6 , -1
2.6 , 1
2.65 , -1
2.65 , 1
2.7 , -1
2.7 , 1
2.75 , -1
2.75 , 1
2.8 , -1
2.8 , 1
2.85 , -1
2.85 , 1
2.9 , -1
2.9 , 1
2.95 , -1
2.95 , 1
3 , -1
3 , 1
3.05 , -1
3.05 , 1
3.1 , -1
3.1 , 1
3.15 , -1
3.15 , 1
3.2 , -1
3.2 , 1
3.25 , -1
3.25 , 1
3.3 , -1
3.3 , 1
3.35 , -1
3.35 , 1
3.4 , -1
3.4 , 1
3.45 , -1
3.45 , 1
3.5 , -1
3.5 , 1
3.55 , -1
3.55 , 1
3.6 , -1
3.6 , 1
3.65 , -1
3.65 , 1
3.7 , -1
3.7 , 1
3.75 , -1
3.75 , 1
3.8 , -1
3.8 , 1
3.85 , -1
3.85 , 1
3.9 , -1
3.9 , 1
3.95 , -1
3.95 , 1
0 , -0.95
4 , -0.95
0 , -0.9
4 , -0.9
0 , -0.85
4 , -0.85
0 , -0.8
4 , -0.8
0 , -0.75
4 , -0.75
0 , -0.7
4 , -0.7
0 , -0.65
4 , -0.65
0 , -0.6
4 , -0.6
0 , -0.55
4 , -0.55
0 , -0.5
4 , -0.5
0 , -0.45
4 , -0.45
0 , -0.4
4 , -0.4
0 , -0.35
4 , -0.35
0 , -0.3
4 , -0.3
0 , -0.25
4 , -0.25
0 , -0.2
4 , -0.2
0 , -0.15
4 , -0.15
0 , -0.1
4 , -0.1
0 , -0.05
4 , -0.05
0 , 5.55112e-17
4 , 5.55112e-17
0 , 0.05
4 , 0.05
0 , 0.1
4 , 0.1
0 , 0.15
4 , 0.15
0 , 0.2
4 , 0.2
0 , 0.25
4 , 0.25
0 , 0.3
4 , 0.3
0 , 0.35
4 , 0.35
0 , 0.4
4 , 0.4
0 , 0.45
4 , 0.45
0 , 0.5
4 , 0.5
0 , 0.55
4 , 0.55
0 , 0.6
4 , 0.6
0 , 0.65
4 , 0.65
0 , 0.7
4 , 0.7
0 , 0.75
4 , 0.75
0 , 0.8
4 , 0.8
0 , 0.85
4 , 0.85
0 , 0.9
4 , 0.9
0 , 0.95
4 , 0.95
0 , -1
4 , 1
0 , 1
4 , -1
0.050045 , -0.942007
0.0588371 , 0.955921
0.124986 , 0.949304
0.158251 , -0.943589
0.180992 , 0.947475
0.245646 , 0.960396
0.214432 , -0.955482
0.270728 , -0.946631
0.312509 , 0.956303
0.310081 , -0.935063
0.370535 , 0.949506
0.365403 , -0.953382
0.428521 , 0.94754
0.522672 , -0.954493
0.488118 , 0.949103
0.575005 , -0.945748
0.547705 , 0.946761
0.634396 , -0.952495
0.607 , 0.944922
0.666053 , 0.944501
0.69362 , -0.952465
0.724224 , 0.946353
0.810929 , -0.945218
0.775054 , 0.950056
0.824985 , 0.951443
0.869221 , -0.944857
0.874987 , 0.951659
0.925941 , -0.945977
0.925013 , 0.949635
1.03896 , -0.943162
0.974983 , 0.94875
1.0759 , 0.947517
1.0955 , -0.942567
1.15183 , -0.942979
1.1333 , 0.949987
1.19112 , 0.95428
1.26479 , -0.9462
1.25093 , 0.956986
1.32098 , -0.950266
1.31046 , 0.953039
1.43293 , -0.941957
1.36884 , 0.946288
1.47988 , -0.958454
1.42576 , 0.947092
1.48248 , 0.94463
1.5855 , -0.954574
1.53978 , 0.943502
1.59728 , 0.946376
1.69701 , -0.959457
1.65534 , 0.944086
1.74649 , -0.929463
1.71286 , 0.94431
1.82244 , -0.947126
1.77019 , 0.946403
1.82747 , 0.947666
1.91854 , -0.940194
1.8846 , 0.949562
1.94202 , 0.951932
1.96911 , -0.947163
1.99957 , 0.951434
2.01831 , -0.960469
2.06456 , -0.939915
2.05649 , 0.944601
2.16872 , 0.947345
2.20394 , -0.956668
2.22492 , 0.949155
2.31823 , -0.945865
2.27999 , 0.947211
2.37563 , -0.94808
2.33671 , 0.945185
2.39346 , 0.942789
2.43313 , -0.947392
2.45131 , 0.943419
2.49057 , -0.946811
2.5093 , 0.951474
2.60536 , -0.945776
2.56765 , 0.943826
2.66305 , -0.947159
2.61677 , 0.955117
2.72095 , -0.946864
2.71911 , 0.952912
2.77886 , -0.946381
2.77499 , 0.945955
2.83692 , -0.945465
2.82575 , 0.954126
2.895 , -0.944775
2.87796 , 0.951198
2.95321 , -0.944005
2.93191 , 0.947675
3.01132 , -0.943243
2.98753 , 0.94592
3.12504 , -0.94672
3.0456 , 0.950762
3.16612 , 0.953553
3.22499 , -0.95033
3.22492 , 0.949434
3.325 , -0.9488
3.28277 , 0.952215
3.42452 , -0.94635
3.40861 , 0.957208
3.47283 , 0.949053
3.47476 , -0.945597
3.53149 , 0.947573
3.5766 , -0.947336
3.63177 , -0.947216
3.59031 , 0.944989
3.64915 , 0.944441
3.74376 , -0.944159
3.70863 , 0.941772
3.79551 , -0.945787
3.76701 , 0.950909
3.89366 , -0.958609
3.84496 , 0.955058
3.90542 , 0.936961
3.94578 , -0.942126
0.051328 , -0.88427
3.94401 , -0.884432
0.052505 , -0.826874
3.94805 , -0.826685
0.0522961 , -0.774834
3.94881 , -0.774954
0.0515939 , -0.724882
3.94885 , -0.674971
0.0496798 , -0.675014
0.0476987 , -0.624753
3.95137 , -0.575005
0.0461501 , -0.516425
3.94801 , -0.5254
0.0537285 , -0.461648
3.94695 , -0.424984
0.0549829 , -0.404832
0.0542852 , -0.347626
3.948 , -0.324977
0.0515581 , -0.289784
3.94825 , -0.275015
0.0508994 , -0.231406
3.94799 , -0.175023
0.0536925 , -0.173049
3.94785 , -0.125119
0.0518442 , -0.114429
0.039476 , -0.0509885
3.94784 , -0.0252951
3.94848 , 0.0250393
0.0486908 , 0.0166081
3.95106 , 0.0722095
0.0512667 , 0.0754522
0.0483604 , 0.134714
3.93943 , 0.161021
0.0498093 , 0.194068
0.0525783 , 0.253068
3.9539 , 0.270068
0.0539538 , 0.311663
3.9532 , 0.322685
0.0539915 , 0.369313
3.94733 , 0.424816
0.0526696 , 0.426334
0.0494569 , 0.483878
3.94637 , 0.477012
3.95112 , 0.574994
0.0436809 , 0.608534
3.951 , 0.625005
0.0507094 , 0.667888
0.0531413 , 0.725555
3.94792 , 0.72496
0.0544925 , 0.782761
3.94653 , 0.82945
0.0570735 , 0.840757
0.0465027 , 0.898212
3.95263 , 0.943044
0.103897 , -0.961241
0.0976583 , 0.91612
0.149703 , -0.887235
0.152404 , 0.899055
0.221233 , 0.909396
0.200437 , -0.908403
0.252803 , -0.892037
0.278704 , 0.90987
0.359269 , -0.898837
0.336021 , 0.903696
0.467067 , -0.945796
0.457552 , 0.89817
0.515785 , -0.913555
0.427514 , 0.84677
0.567216 , -0.885924
0.485895 , 0.84788
0.66403 , -0.901868
0.576588 , 0.894263
0.637119 , 0.89403
0.752526 , -0.947694
0.722607 , -0.901164
0.696511 , 0.893951
0.83943 , -0.89433
0.756768 , 0.897319
0.815644 , 0.897577
0.897878 , -0.893914
0.874432 , 0.897229
0.982128 , -0.944468
0.990878 , 0.893978
1.09716 , -0.841829
1.02492 , 0.948495
1.04872 , 0.896454
1.12426 , -0.892703
1.20854 , -0.943976
1.10668 , 0.898571
1.16453 , 0.90256
1.27073 , -0.848351
1.22302 , 0.906842
1.37715 , -0.949388
1.28092 , 0.905338
1.39807 , -0.892693
1.39721 , 0.896414
1.52863 , -0.945399
1.4537 , 0.894047
1.51068 , 0.893614
1.64179 , -0.942221
1.53838 , -0.887552
1.56846 , 0.894957
1.62619 , 0.896366
1.70045 , -0.903756
1.68496 , 0.894021
1.77502 , -0.953034
1.74286 , 0.895079
1.87497 , -0.949863
1.79462 , -0.896012
1.85754 , 0.898998
1.8884 , 0.849509
2.01219 , -0.91063
1.91444 , 0.90133
1.9714 , 0.903407
2.05658 , -0.876443
2.02838 , 0.901294
2.10803 , -0.898435
2.12039 , -0.952726
2.1414 , 0.898208
2.19762 , 0.899589
2.26087 , -0.947909
2.25056 , 0.898663
2.34872 , -0.898881
2.30693 , 0.89747
2.46188 , -0.897654
2.36311 , 0.892925
2.42115 , 0.892073
2.51898 , -0.896527
2.47894 , 0.892378
2.54791 , -0.945726
2.53098 , 0.900508
2.63378 , -0.897028
2.61287 , 0.904559
2.69145 , -0.897165
2.66411 , 0.940631
2.71787 , 0.909548
2.80721 , -0.895719
2.83127 , 0.902192
2.86532 , -0.894721
2.89246 , 0.901796
2.92348 , -0.893992
2.95284 , 0.89958
3.01531 , 0.900854
3.06903 , -0.944554
3.04091 , -0.893193
3.07498 , 0.90582
3.17504 , -0.948599
3.09869 , -0.894269
3.10576 , 0.957621
3.16387 , 0.85592
3.27501 , -0.950491
3.15696 , -0.894456
3.19297 , 0.902909
3.3749 , -0.947335
3.27459 , -0.894971
3.25447 , 0.901975
3.34425 , 0.958286
3.44794 , -0.89225
3.39133 , -0.891385
3.37624 , 0.90743
3.43568 , 0.904779
3.52516 , -0.946599
3.49923 , 0.898807
3.6878 , -0.94577
3.60522 , -0.897274
3.55859 , 0.895539
3.61741 , 0.892532
3.71987 , -0.893396
3.67539 , 0.894158
3.84177 , -0.941342
3.74595 , 0.895866
3.83717 , -0.882386
3.80554 , 0.913287
3.85955 , 0.893572
3.89018 , -0.907968
0.100185 , -0.913376
3.89501 , -0.793956
0.104146 , -0.800716
3.94879 , -0.724964
0.105451 , -0.744285
3.95129 , -0.624998
0.104159 , -0.686685
0.101326 , -0.628613
3.89799 , -0.563038
0.0454655 , -0.571032
3.94635 , -0.475119
0.0945412 , -0.507361
0.0990893 , -0.444875
3.94763 , -0.374953
0.102201 , -0.382409
0.100396 , -0.32234
3.89087 , -0.333392
0.101148 , -0.263495
3.94793 , -0.224983
0.102884 , -0.204817
3.8917 , -0.162354
0.103908 , -0.142806
3.94743 , -0.0751732
0.0927207 , -0.0825041
0.09306 , -0.0212283
3.89511 , -0.0495778
3.89646 , 0.00123594
0.0997308 , 0.0463522
3.95282 , 0.124829
0.100088 , 0.105463
0.0999395 , 0.16408
3.94652 , 0.216926
0.101146 , 0.223294
0.153994 , 0.31204
3.90209 , 0.26323
0.103459 , 0.282228
3.95106 , 0.374858
0.104053 , 0.340999
3.89478 , 0.449744
0.103496 , 0.399045
0.101572 , 0.457781
3.94929 , 0.525479
3.89672 , 0.56765
0.0411784 , 0.544354
3.9499 , 0.674906
0.0972785 , 0.634657
0.102434 , 0.694182
3.94639 , 0.774662
3.89509 , 0.686148
0.105418 , 0.806735
3.94417 , 0.886779
0.109628 , 0.861912
0.101614 , -0.856296
0.202807 , -0.861698
0.193804 , 0.859683
0.210827 , 0.805346
0.254061 , -0.834443
0.304657 , -0.872189
0.248708 , 0.860826
0.414934 , -0.923095
0.304061 , 0.856598
0.462823 , -0.889106
0.39791 , 0.897584
0.561754 , -0.828373
0.490138 , 0.802755
0.61285 , -0.909299
0.619464 , -0.857928
0.517147 , 0.89685
0.607369 , 0.843459
0.780937 , -0.895395
0.751812 , -0.844837
0.694856 , -0.852551
0.666687 , 0.842688
0.867895 , -0.843078
0.729068 , 0.845824
0.787039 , 0.847011
1.01058 , -0.892671
0.932992 , 0.893988
0.98232 , -0.842036
0.962166 , 0.843473
1.0679 , -0.891867
1.02042 , 0.84501
1.13645 , 0.851665
1.1814 , -0.894174
1.23879 , -0.895666
1.19429 , 0.857336
1.30872 , 0.853367
1.29576 , -0.89925
1.27872 , 0.805795
1.34867 , -0.901703
1.33475 , 0.801053
1.48284 , -0.908033
1.4374 , -0.870023
1.33904 , 0.901305
1.5399 , 0.843913
1.51023 , 0.792661
1.59394 , -0.907643
1.59544 , -0.860504
1.59813 , 0.84525
1.65689 , 0.848424
1.7477 , -0.871723
1.64813 , -0.884354
1.71532 , 0.844051
1.74419 , -0.814995
1.80012 , 0.897503
1.90744 , -0.878612
1.8528 , -0.898277
1.83037 , 0.849399
1.92282 , 0.80262
1.95998 , -0.891917
1.94465 , 0.854008
2 , 0.854424
2.04835 , -0.819791
2.02937 , 0.793849
2.16243 , -0.917048
2.23065 , -0.905147
2.11264 , 0.945448
2.1713 , 0.851214
2.28797 , -0.896124
2.22773 , 0.845454
2.40482 , -0.898167
2.29716 , 0.796245
2.33347 , 0.842543
2.39147 , 0.841647
2.5469 , -0.84659
2.48958 , -0.847229
2.44994 , 0.841714
2.57633 , -0.895901
2.51269 , 0.845058
2.71938 , -0.846956
2.56704 , 0.867762
2.66718 , 0.879792
2.74924 , -0.896443
2.71929 , 0.850799
2.77197 , 0.886503
2.83522 , -0.845137
2.81413 , 0.847168
2.86278 , -0.794245
2.86377 , 0.848676
2.98175 , -0.89344
2.9228 , 0.850031
2.98418 , 0.851342
3.01094 , -0.843414
3.04748 , 0.854705
3.12752 , -0.843467
3.15767 , -0.794133
3.13368 , 0.906147
3.22296 , 0.853966
3.21567 , -0.895442
3.28755 , 0.855965
3.33301 , -0.892458
3.31773 , 0.906023
3.40447 , 0.855033
3.502 , -0.892471
3.41983 , -0.840474
3.43183 , 0.803238
3.46317 , 0.852826
3.55346 , -0.89448
3.52609 , 0.847094
3.6918 , -0.853165
3.66118 , -0.89974
3.58502 , 0.843052
3.64497 , 0.839882
3.77892 , -0.894032
3.69989 , 0.860303
3.79215 , 0.859224
3.89634 , -0.851335
3.84384 , 0.832087
3.89598 , 0.856227
3.89296 , -0.736556
0.153699 , -0.830837
3.89204 , -0.679254
0.155225 , -0.773428
3.89673 , -0.621239
0.152366 , -0.656956
0.198959 , -0.570699
3.89436 , -0.504706
3.84702 , -0.535726
0.0971744 , -0.568357
3.8934 , -0.44892
0.146387 , -0.539619
0.146694 , -0.480555
3.89178 , -0.391087
0.147953 , -0.419825
0.151226 , -0.294222
3.84068 , -0.304481
0.152938 , -0.235532
3.8905 , -0.218493
0.153051 , -0.176035
3.84062 , -0.189379
0.190794 , -0.150281
3.89335 , -0.105506
0.147864 , -0.109054
0.142591 , -0.0497638
3.84383 , -0.0215424
3.90519 , 0.100273
0.143475 , 0.0135266
3.88139 , 0.141779
0.15122 , 0.0753666
0.151538 , 0.134676
3.89448 , 0.201109
0.150485 , 0.194552
0.202602 , 0.283546
3.9012 , 0.325692
0.154037 , 0.3705
3.89793 , 0.388011
0.152233 , 0.428804
3.89565 , 0.508264
0.149226 , 0.487123
0.14424 , 0.545218
3.84535 , 0.538333
3.89603 , 0.626958
0.0943456 , 0.516297
0.0929573 , 0.575344
0.150463 , 0.661328
0.105852 , 0.752572
3.89426 , 0.802134
3.89358 , 0.744603
3.8445 , 0.656057
0.161596 , 0.772688
0.2563 , -0.776246
0.156995 , 0.829731
0.30521 , -0.810396
0.357013 , -0.839389
0.269613 , 0.809002
0.407347 , -0.807693
0.328087 , 0.804586
0.361936 , 0.852045
0.409692 , -0.865094
0.386313 , 0.805812
0.536918 , 0.783856
0.611335 , -0.799268
0.509561 , -0.801592
0.586499 , 0.807675
0.544594 , 0.843581
0.809453 , -0.844041
0.778883 , -0.793212
0.639215 , 0.790137
0.953729 , -0.893523
0.807808 , -0.741991
0.700963 , 0.795866
0.817162 , 0.794327
0.845142 , 0.846589
0.925466 , -0.842367
0.903742 , 0.846291
1.01154 , -0.790659
0.934894 , 0.796398
1.15428 , -0.843789
0.993151 , 0.79338
1.0785 , 0.847679
1.21159 , -0.845752
1.30106 , -0.79973
1.24239 , -0.798603
1.1654 , 0.807922
1.25153 , 0.857014
1.39056 , -0.832626
1.2227 , 0.809155
1.39078 , 0.797503
1.49244 , -0.850181
1.44734 , -0.811522
1.35828 , -0.792029
1.42374 , 0.844417
1.36602 , 0.849336
1.48171 , 0.843098
1.45131 , 0.791401
1.64241 , -0.826625
1.54549 , -0.831377
1.56886 , 0.794757
1.68407 , 0.798465
1.69556 , -0.848184
1.69042 , -0.794759
1.77361 , 0.846131
1.85198 , -0.856997
1.74856 , 0.795634
1.95065 , -0.836662
1.89699 , -0.820017
1.8558 , 0.802144
1.89568 , 0.770112
2.00384 , -0.855472
1.94069 , -0.781194
1.97732 , 0.804888
2.01421 , 0.735676
2.15112 , -0.860579
2.08519 , 0.895358
2.20213 , -0.877563
2.25124 , -0.850055
2.11589 , 0.845795
2.1884 , 0.803202
2.32767 , -0.856454
2.27799 , 0.849195
2.43297 , -0.848821
2.3367 , 0.752383
2.3619 , 0.791045
2.51673 , -0.796563
2.48645 , -0.748066
2.42069 , 0.790924
2.66181 , -0.847574
2.48277 , 0.795022
2.77719 , -0.845991
2.63126 , -0.795664
2.57667 , 0.809769
2.62161 , 0.845323
2.67225 , 0.814884
2.72647 , 0.791127
2.80449 , -0.795815
2.74663 , -0.796726
2.77309 , 0.82705
2.89361 , -0.843694
2.83616 , 0.793785
2.95199 , -0.843323
2.93673 , 0.745337
2.95499 , 0.800732
3.06863 , -0.841153
3.0774 , 0.805117
3.18641 , -0.844516
3.21565 , -0.793838
3.10562 , 0.85517
3.13562 , 0.805364
3.30321 , -0.843816
3.24477 , -0.844654
3.25582 , 0.806887
3.36147 , -0.84125
3.34601 , 0.855788
3.53129 , -0.841172
3.4754 , -0.839946
3.45921 , 0.751451
3.49035 , 0.800948
3.63673 , -0.849889
3.54923 , 0.793448
3.74502 , -0.83824
3.68559 , -0.798371
3.60501 , 0.800089
3.8461 , -0.823823
3.79775 , -0.846611
3.69159 , 0.803003
3.74469 , 0.828286
3.7943 , 0.801196
3.79604 , -0.796342
3.84435 , -0.766401
3.84667 , -0.651123
0.204901 , -0.803578
3.84786 , -0.593447
0.154942 , -0.715222
0.203026 , -0.687491
3.84247 , -0.478122
3.79839 , -0.565397
0.149654 , -0.598301
3.84177 , -0.420776
0.19727 , -0.512053
0.196382 , -0.453313
3.84097 , -0.362499
0.150335 , -0.353069
0.200051 , -0.326844
3.89068 , -0.275688
3.79 , -0.275331
0.202606 , -0.267583
3.78999 , -0.217319
0.202729 , -0.208464
3.84205 , -0.132593
0.219883 , -0.126086
3.84349 , -0.0760581
0.194758 , -0.073988
0.189883 , -0.0135956
3.89798 , 0.0543835
3.84587 , 0.0338597
3.81505 , 0.126945
3.83816 , 0.181665
0.195591 , 0.0458141
0.243765 , 0.140962
3.85137 , 0.299973
3.84877 , 0.240156
0.198791 , 0.16682
0.151913 , 0.253348
3.84895 , 0.359739
0.204634 , 0.342015
3.84543 , 0.419361
0.203539 , 0.400378
3.79409 , 0.509127
0.200887 , 0.458674
0.198613 , 0.517128
3.84525 , 0.597199
0.145648 , 0.60332
0.196466 , 0.631783
0.205377 , 0.689469
0.155179 , 0.719361
3.84273 , 0.773377
3.84334 , 0.714666
0.30475 , -0.75076
0.405178 , -0.749423
0.355619 , -0.780014
0.215225 , 0.746547
0.456877 , -0.776219
0.273645 , 0.758821
0.331845 , 0.747161
0.513031 , -0.859578
0.388612 , 0.764155
0.442741 , 0.789349
0.488764 , 0.749174
0.653805 , -0.765289
0.604799 , -0.734027
0.540893 , 0.725597
0.749244 , -0.742514
0.59047 , 0.755761
0.836524 , -0.690765
0.895995 , -0.791682
0.731121 , 0.746166
0.759118 , 0.796056
0.787457 , 0.739373
0.953783 , -0.791222
0.849571 , 0.74559
1.03971 , -0.841359
0.982626 , -0.740417
0.876436 , 0.797134
0.908069 , 0.747872
1.05077 , 0.796372
1.1847 , -0.795345
1.33175 , -0.848705
1.21484 , -0.748237
1.10831 , 0.80073
1.19323 , 0.762712
1.32671 , -0.745806
1.2498 , 0.702482
1.30272 , 0.75323
1.50379 , -0.792525
1.41201 , -0.770239
1.40519 , 0.714653
1.4212 , 0.757536
1.51253 , 0.736367
1.55868 , 0.737265
1.59454 , -0.812994
1.58171 , -0.724182
1.61211 , 0.756898
1.79703 , -0.837619
1.73486 , -0.758278
1.62817 , 0.800194
1.70587 , 0.755305
1.76084 , 0.738515
1.8866 , -0.762772
1.84235 , -0.800086
1.80495 , 0.777094
2.03916 , -0.763596
1.99462 , -0.800031
1.90945 , 0.720948
1.9566 , 0.754883
2.14383 , -0.803329
2.0551 , 0.848244
2.19388 , -0.822285
2.23808 , -0.792646
2.08336 , 0.802787
2.13538 , 0.788201
2.38327 , -0.845562
2.29087 , -0.814318
2.23554 , 0.782712
2.39636 , -0.782239
2.27866 , 0.740754
2.39471 , 0.73825
2.60437 , -0.846296
2.43508 , -0.747304
2.45402 , 0.746256
2.54043 , 0.793561
2.68889 , -0.797372
2.71616 , -0.747118
2.57388 , -0.796194
2.57701 , 0.745179
2.62612 , 0.777978
2.6793 , 0.755045
2.7347 , 0.732404
2.88552 , -0.744721
2.83119 , -0.74492
2.77359 , -0.746613
2.78173 , 0.768814
2.92239 , -0.791616
2.89555 , 0.797569
3.07076 , -0.747873
2.9917 , 0.754603
3.01825 , 0.804602
3.09974 , -0.791066
3.10775 , 0.755846
3.24547 , -0.743476
3.17592 , -0.750446
3.16642 , 0.756241
3.19406 , 0.806126
3.27412 , -0.793963
3.33232 , -0.790744
3.28464 , 0.756188
3.39027 , -0.790114
3.31503 , 0.806155
3.37355 , 0.804723
3.58545 , -0.844381
3.50696 , -0.788835
3.40098 , 0.753036
3.42889 , 0.701648
3.62517 , -0.795513
3.51456 , 0.74968
3.74239 , -0.777616
3.64101 , 0.773985
3.58728 , 0.746838
3.78995 , -0.739874
3.69089 , 0.744303
3.8424 , -0.708823
0.255992 , -0.717937
3.79753 , -0.622532
3.79619 , -0.679766
0.20568 , -0.745658
0.201522 , -0.629192
0.249682 , -0.600903
3.79235 , -0.509349
3.74148 , -0.539902
0.247849 , -0.542329
0.246741 , -0.483552
3.7905 , -0.333499
3.79099 , -0.391883
0.19649 , -0.389461
0.24648 , -0.362571
0.251108 , -0.299767
3.8403 , -0.24683
3.74003 , -0.304088
0.241751 , -0.181034
3.7906 , -0.159762
0.277175 , -0.13371
3.79206 , -0.103093
0.254917 , -0.080752
0.241655 , -0.0394906
0.243275 , 0.0122457
3.85136 , 0.088901
3.79539 , 0.00914745
3.76035 , 0.10372
0.20311 , 0.104914
0.285018 , 0.112919
3.80029 , 0.331988
3.79966 , 0.273165
3.79407 , 0.214752
0.200807 , 0.225202
0.252266 , 0.252858
3.795 , 0.390643
0.254106 , 0.311228
0.256305 , 0.372118
3.79434 , 0.567924
3.74312 , 0.479654
3.84452 , 0.479347
0.252738 , 0.430875
0.250068 , 0.489807
3.79377 , 0.626522
3.74295 , 0.597601
0.194263 , 0.573183
0.241397 , 0.600705
0.250799 , 0.652954
3.74193 , 0.772999
3.79225 , 0.743188
3.79256 , 0.685092
0.302146 , -0.691839
0.454461 , -0.71833
0.261645 , 0.70866
0.460219 , -0.833474
0.320462 , 0.699531
0.37991 , 0.711973
0.55934 , -0.770789
0.436836 , 0.73041
0.484707 , 0.691311
0.592467 , 0.696177
0.666171 , -0.821544
0.698337 , -0.744107
0.719602 , -0.795883
0.636238 , 0.720335
0.777915 , -0.691317
0.71676 , -0.691297
0.677153 , 0.751129
0.866433 , -0.741122
0.837569 , -0.7926
0.689816 , 0.698146
0.747396 , 0.691411
0.835837 , 0.705554
0.953553 , -0.689657
0.891617 , 0.694215
1.12752 , -0.792389
1.06949 , -0.791298
1.02456 , 0.743064
0.966207 , 0.74196
1.08291 , 0.748768
1.24375 , -0.700143
1.15893 , -0.742573
1.27084 , -0.751447
1.13862 , 0.757493
1.18886 , 0.708103
1.37948 , -0.725451
1.24767 , 0.758755
1.31002 , 0.696144
1.56039 , -0.776752
1.46805 , -0.753964
1.35954 , 0.74737
1.45919 , 0.724329
1.49453 , 0.682834
1.55086 , 0.679621
1.61914 , -0.76992
1.59955 , -0.667398
1.60449 , 0.701281
1.78853 , -0.779674
1.72824 , -0.702793
1.65807 , 0.72329
1.7106 , 0.698885
1.81335 , 0.71305
1.97544 , -0.688425
1.83299 , -0.742835
1.82228 , -0.683762
1.85311 , 0.742436
2.10117 , -0.841187
2.02973 , -0.708075
1.96814 , 0.698849
2.07243 , 0.751744
2.13575 , -0.74549
2.07857 , 0.696962
2.18733 , -0.766463
2.12799 , 0.72813
2.18235 , 0.748337
2.34573 , -0.803368
2.28439 , -0.759672
2.22844 , 0.713012
2.45926 , -0.798628
2.33439 , 0.703366
2.38921 , 0.678863
2.54413 , -0.745473
2.4388 , -0.69202
2.44434 , 0.703551
2.51056 , 0.743285
2.7403 , -0.698215
2.65888 , -0.747275
2.59574 , 0.677293
2.63152 , 0.718132
2.79001 , 0.709659
2.82905 , 0.737626
2.92388 , -0.732808
2.8217 , -0.653554
2.79794 , -0.697725
2.98211 , -0.795716
2.88003 , 0.748042
3.03796 , -0.78782
2.90445 , 0.69674
3.02238 , 0.706273
3.04979 , 0.756024
3.11804 , -0.733579
3.08031 , 0.706806
3.21899 , -0.710338
3.16185 , -0.696791
3.13817 , 0.706639
3.22541 , 0.757077
3.30379 , -0.739832
3.27421 , -0.689572
3.44831 , -0.787821
3.42058 , -0.735951
3.25469 , 0.706473
3.34305 , 0.754857
3.56585 , -0.791452
3.47933 , -0.737071
3.37093 , 0.702916
3.48717 , 0.698147
3.65723 , -0.745387
3.54214 , 0.712567
3.70778 , -0.740314
3.63898 , 0.716034
3.74127 , 0.714449
3.75134 , -0.593127
3.73103 , -0.63908
3.74733 , -0.696976
0.252229 , -0.659455
0.298004 , -0.573696
3.79127 , -0.450445
3.69314 , -0.507919
0.296854 , -0.514636
0.294313 , -0.455094
0.244796 , -0.423048
3.74051 , -0.362488
3.74057 , -0.421183
0.294765 , -0.395533
0.297465 , -0.334891
0.303106 , -0.277111
3.73954 , -0.245742
3.6892 , -0.274291
0.255015 , -0.239741
3.7393 , -0.187594
0.298127 , -0.184577
3.79276 , -0.0477821
0.311838 , -0.0874308
0.298907 , -0.0297835
0.299049 , 0.0291729
3.79913 , 0.0660963
3.74791 , 0.0408209
3.74447 , -0.0166577
0.25208 , 0.0691042
0.311181 , 0.0863092
3.74447 , 0.36277
3.75114 , 0.305501
3.74639 , 0.248112
3.76718 , 0.162653
0.24751 , 0.196987
0.291605 , 0.166961
3.79386 , 0.44953
0.30333 , 0.279773
0.303707 , 0.339009
3.74326 , 0.538762
3.6919 , 0.450883
0.309997 , 0.404415
0.299497 , 0.461741
3.6902 , 0.627174
0.300033 , 0.519841
0.248681 , 0.548019
0.29385 , 0.585639
3.74141 , 0.656075
0.353591 , -0.721094
0.351708 , -0.662362
0.402975 , -0.691533
0.505965 , -0.744959
0.503163 , -0.687198
0.308095 , 0.64243
0.367337 , 0.662761
0.427325 , 0.676034
0.539712 , 0.670236
0.588228 , 0.636925
0.610388 , -0.673208
0.650374 , -0.598283
0.641802 , 0.662673
0.81561 , -0.63916
0.717879 , -0.615711
0.655631 , -0.708029
0.665243 , 0.61045
0.924328 , -0.740457
0.759652 , 0.635321
0.802416 , 0.673016
0.913304 , 0.640129
1.0409 , -0.74061
1.09927 , -0.741756
1.00287 , 0.687779
1.06545 , 0.700176
0.947837 , 0.686884
1.12759 , 0.707423
1.25465 , -0.645049
1.24693 , -0.589123
1.19072 , -0.691154
1.34336 , -0.682615
1.16028 , 0.656133
1.43377 , -0.709099
1.21824 , 0.652716
1.27721 , 0.648214
1.52439 , -0.73738
1.48871 , -0.695209
1.36879 , 0.688868
1.43899 , 0.671441
1.45423 , 0.624943
1.5109 , 0.633626
1.67615 , -0.754776
1.63537 , -0.713276
1.61234 , 0.64803
1.78013 , -0.722827
1.66318 , 0.666173
1.71434 , 0.641478
1.76527 , 0.680735
1.98487 , -0.744387
1.93055 , -0.724958
1.8764 , -0.704836
1.86468 , 0.684013
1.9202 , 0.664404
2.093 , -0.784065
2.08384 , -0.727467
1.97825 , 0.645001
2.02425 , 0.676122
2.18108 , -0.709851
2.07199 , 0.638958
2.23245 , -0.735541
2.12493 , 0.663845
2.17479 , 0.689686
2.33978 , -0.747466
2.33498 , -0.690827
2.22503 , 0.65538
2.38817 , -0.718087
2.27843 , 0.681404
2.3681 , 0.621732
2.60148 , -0.746225
2.51195 , -0.697264
2.43088 , -0.63569
2.46248 , 0.650876
2.54629 , 0.701364
2.55282 , 0.64628
2.68286 , -0.696052
2.62544 , -0.694443
2.68767 , 0.696065
2.74299 , 0.673668
2.798 , 0.650458
2.91833 , -0.676224
2.86142 , -0.695708
2.79409 , -0.598255
2.97462 , -0.758316
2.84681 , 0.683719
3.07104 , -0.695728
2.90136 , 0.657457
2.9636 , 0.693515
3.00136 , 0.658633
3.11754 , -0.662305
3.05228 , 0.657521
3.20195 , -0.656135
3.10983 , 0.65698
3.19656 , 0.706742
3.36893 , -0.630762
3.33318 , -0.688198
3.45117 , -0.684993
3.22522 , 0.656428
3.28308 , 0.654947
3.59811 , -0.742214
3.53834 , -0.739322
3.31278 , 0.705017
3.45499 , 0.650674
3.68916 , -0.684806
3.53394 , 0.657745
3.58773 , 0.686751
3.68984 , 0.685949
3.69653 , -0.587494
3.66455 , -0.640709
0.300027 , -0.632849
3.68979 , -0.450112
3.66245 , -0.541773
0.347215 , -0.545156
0.344171 , -0.486488
0.343431 , -0.427664
3.69071 , -0.390695
0.344587 , -0.367934
0.350099 , -0.31026
0.357342 , -0.252684
3.68843 , -0.216175
3.63679 , -0.243545
3.69049 , -0.332403
0.309664 , -0.219816
3.74031 , -0.130064
0.334396 , -0.141878
3.69292 , -0.0426044
3.70654 , 0.0792158
3.69681 , 0.0150832
0.335413 , 0.139547
3.74239 , 0.420322
3.69087 , 0.342593
3.70276 , 0.286583
3.71225 , 0.138812
0.358981 , 0.191086
0.352375 , 0.307929
3.69041 , 0.391784
0.403669 , 0.285952
3.6924 , 0.509771
3.64362 , 0.425849
0.347971 , 0.363544
0.338191 , 0.460311
3.63879 , 0.599023
0.358475 , 0.515043
0.33513 , 0.562396
0.400695 , -0.633614
0.451778 , -0.660639
0.5545 , -0.713235
0.389697 , 0.570449
0.355362 , 0.613758
0.469423 , 0.633839
0.524365 , 0.63075
0.599717 , -0.568416
0.551883 , -0.655637
0.556664 , 0.586276
0.895079 , -0.689414
0.758288 , -0.65157
0.670028 , -0.652772
0.681729 , -0.569382
0.612586 , 0.591036
0.70495 , 0.651723
0.924706 , -0.638689
0.813114 , 0.616062
0.856515 , 0.652298
0.93182 , 0.593323
1.07073 , -0.691239
1.12966 , -0.692441
1.01929 , 0.603165
1.04627 , 0.652289
1.10359 , 0.654922
1.29362 , -0.70007
1.18901 , -0.572073
1.20311 , -0.63098
1.45041 , -0.653142
1.39635 , -0.666904
1.18648 , 0.602953
1.24486 , 0.599546
1.33622 , 0.642951
1.54375 , -0.681077
1.50501 , -0.638663
1.39508 , 0.635784
1.47486 , 0.571535
1.53071 , 0.580838
1.71256 , -0.642666
1.69017 , -0.698337
1.56754 , 0.624026
1.76759 , -0.663346
1.64995 , 0.609707
1.70172 , 0.585489
1.76884 , 0.623631
1.81712 , 0.654846
1.96582 , -0.631963
1.92111 , -0.668262
1.85768 , -0.589768
1.87278 , 0.62538
2.12941 , -0.687334
2.07416 , -0.671269
1.92816 , 0.621036
2.02477 , 0.614366
2.22806 , -0.67825
2.12029 , 0.605994
2.27985 , -0.704202
2.16651 , 0.570669
2.1733 , 0.630508
2.38296 , -0.661936
2.3325 , -0.633797
2.27135 , 0.618938
2.38149 , -0.605554
2.32411 , 0.645233
2.41636 , 0.630119
2.56819 , -0.692803
2.48286 , -0.657076
2.46008 , 0.595279
2.50197 , 0.682508
2.6036 , 0.621366
2.76691 , -0.64877
2.7097 , -0.647457
2.65246 , -0.644211
2.64698 , 0.657586
2.7012 , 0.638068
2.75406 , 0.615299
2.97154 , -0.701467
2.8755 , -0.643412
2.73903 , -0.599477
3.02282 , -0.727847
2.85233 , 0.625583
3.06618 , -0.637609
2.90832 , 0.600499
2.95565 , 0.634713
3.01493 , 0.608765
3.08091 , 0.608501
3.1137 , -0.604497
3.13777 , 0.606695
3.2551 , -0.636289
3.16737 , 0.656775
3.25303 , 0.605707
3.39206 , -0.684596
3.3621 , -0.73912
3.5106 , -0.687266
3.31117 , 0.603005
3.63015 , -0.692406
3.57061 , -0.69016
3.36901 , 0.600468
3.34122 , 0.652838
3.48445 , 0.622956
3.58675 , 0.628269
3.63862 , 0.657027
3.63323 , -0.59083
3.60204 , -0.640437
0.348859 , -0.603771
3.7408 , -0.480323
3.64165 , -0.41898
0.39214 , -0.459851
0.390957 , -0.401933
3.64087 , -0.360593
0.396007 , -0.344554
0.404781 , -0.29002
3.6886 , -0.157934
3.58632 , -0.273516
0.363985 , -0.19259
3.74146 , -0.0740502
3.64498 , -0.0100877
3.64068 , -0.0687717
3.65403 , 0.0519832
3.60573 , 0.0858146
3.63425 , 0.363493
3.6484 , 0.304622
3.67901 , 0.24337
3.71928 , 0.198496
3.66826 , 0.169185
0.302414 , 0.220168
0.353358 , 0.249388
3.59349 , 0.454818
0.399094 , 0.359102
3.69201 , 0.568488
3.64259 , 0.483596
3.59025 , 0.511416
0.372952 , 0.413417
0.393795 , 0.468895
0.44446 , 0.57732
0.397914 , -0.575645
0.500387 , -0.629672
0.548657 , -0.598037
0.41209 , 0.623568
0.499023 , 0.58208
0.530704 , 0.53515
0.599455 , -0.623952
0.542773 , -0.541642
0.64212 , 0.557815
0.874002 , -0.634546
0.779395 , -0.598275
0.840876 , -0.586175
0.739041 , -0.558943
0.698895 , -0.513658
0.718581 , 0.596065
0.771857 , 0.576775
1.01203 , -0.690053
0.826514 , 0.56062
0.872432 , 0.597606
0.974337 , 0.635169
1.04115 , -0.641498
1.0991 , -0.642929
0.981914 , 0.561243
1.04073 , 0.55681
1.07533 , 0.604543
1.13143 , 0.604344
1.30267 , -0.644143
1.31479 , -0.588745
1.1471 , -0.54996
1.46534 , -0.596889
1.3565 , -0.627014
1.15601 , 0.55224
1.21348 , 0.550319
1.30294 , 0.59488
1.61638 , -0.611277
1.56077 , -0.624619
1.52114 , -0.582613
1.41782 , 0.580879
1.36057 , 0.589013
1.44288 , 0.527801
1.55645 , 0.540736
1.71113 , -0.579769
1.65558 , -0.654209
1.60175 , 0.577381
1.81287 , -0.626485
1.655 , 0.552078
1.74761 , 0.570343
1.78319 , 0.571746
1.82836 , 0.597987
1.95632 , -0.575508
1.91177 , -0.611279
1.86707 , -0.647257
1.928 , 0.568136
2.17582 , -0.651235
2.12117 , -0.629578
2.01999 , -0.651608
1.97557 , 0.592035
2.06853 , 0.579943
2.22503 , -0.620923
2.06032 , 0.522037
2.15919 , 0.511718
2.26733 , 0.559479
2.43155 , -0.579057
2.38375 , -0.548974
2.27851 , -0.651978
2.21977 , 0.594436
2.47772 , -0.60311
2.32026 , 0.586086
2.35627 , 0.562109
2.53758 , -0.643463
2.52893 , -0.586056
2.40909 , 0.574747
2.50713 , 0.565042
2.50951 , 0.620958
2.77101 , -0.543255
2.62584 , -0.592613
2.60827 , 0.563732
2.65672 , 0.602867
2.70849 , 0.580963
2.76049 , 0.558038
3.01925 , -0.67021
2.92064 , -0.613363
2.8468 , -0.60468
2.8297 , -0.553585
2.80696 , 0.591501
3.06225 , -0.580337
3.01457 , -0.612418
2.96487 , 0.576587
3.01751 , 0.548104
3.11753 , 0.549949
3.1594 , -0.623325
3.17029 , 0.519746
3.27862 , -0.588686
3.19558 , 0.606465
3.22343 , 0.553157
3.42309 , -0.632546
3.31212 , -0.635032
3.4828 , -0.63518
3.33831 , 0.549523
3.57426 , -0.588361
3.54287 , -0.638162
3.39358 , 0.551484
3.3991 , 0.651002
3.53606 , 0.597434
3.58814 , 0.569826
3.6059 , -0.538579
0.394013 , -0.517775
3.59178 , -0.390555
3.6397 , -0.48509
0.442972 , -0.487416
0.440999 , -0.430357
3.63837 , -0.302079
3.58985 , -0.332918
0.440245 , -0.376516
0.457346 , -0.324685
3.63645 , -0.185194
3.68981 , -0.10032
3.58526 , -0.214182
0.409286 , -0.232629
3.60039 , 0.027211
3.59338 , -0.0371099
3.65893 , 0.111097
3.55148 , 0.0601237
3.57407 , 0.356987
3.59229 , 0.305746
3.61989 , 0.255066
3.63973 , 0.200941
0.407527 , 0.229426
0.445096 , 0.322919
0.455469 , 0.380276
3.64035 , 0.541352
3.53895 , 0.538136
3.54135 , 0.477766
0.429384 , 0.423473
0.416239 , 0.521983
0.449147 , -0.602941
0.473559 , 0.528903
0.507865 , 0.48269
0.58888 , 0.537993
0.641617 , -0.526658
0.540703 , -0.485029
0.634651 , 0.501473
0.982883 , -0.639456
0.953662 , -0.587838
0.861946 , -0.531428
0.79934 , -0.54468
0.708151 , -0.457146
0.684753 , 0.550693
0.734397 , 0.533874
0.878433 , 0.544767
0.93233 , 0.539216
0.952923 , 0.502814
1.12874 , -0.593551
1.01216 , -0.591521
1.15651 , -0.643598
1.00883 , 0.508616
1.06655 , 0.505123
1.09839 , 0.553516
1.12421 , 0.503129
1.27552 , -0.550372
1.22688 , -0.524053
1.41105 , -0.611625
1.36989 , -0.571893
1.18169 , 0.500928
1.27102 , 0.54612
1.32832 , 0.54083
1.57805 , -0.567699
1.53597 , -0.52656
1.47984 , -0.540495
1.38565 , 0.534353
1.40791 , 0.480661
1.50127 , 0.520589
1.56793 , 0.484454
1.74845 , -0.543656
1.67257 , -0.598735
1.61084 , 0.520055
1.85009 , -0.53207
1.66313 , 0.4946
1.70921 , 0.528034
1.82653 , 0.539935
1.87839 , 0.56646
2.01009 , -0.595288
1.90319 , -0.554254
1.89525 , -0.495327
1.90708 , 0.514342
2.17192 , -0.591813
2.1011 , -0.578701
2.06429 , -0.614645
1.96163 , 0.534409
2.01544 , 0.556406
2.2794 , -0.600876
2.05156 , 0.46416
2.11333 , 0.546746
2.21311 , 0.535577
2.43564 , -0.522639
2.33667 , -0.519435
2.33199 , -0.576704
2.3122 , 0.524086
2.48559 , -0.549375
2.35133 , 0.485025
2.39583 , 0.520484
2.59506 , -0.641588
2.45377 , 0.539905
2.50341 , 0.512803
2.55671 , 0.59088
2.75219 , -0.486224
2.68238 , -0.59595
2.65682 , -0.54378
2.66258 , 0.547242
2.71434 , 0.524079
2.76372 , 0.495602
2.81232 , 0.533741
2.9673 , -0.644965
2.96673 , -0.581441
2.88685 , -0.568288
2.85999 , 0.56768
3.1088 , -0.546721
3.05632 , -0.520188
2.91488 , 0.54441
2.96727 , 0.517286
3.06276 , 0.574859
3.06874 , 0.517387
3.21107 , -0.599302
3.16964 , 0.563349
3.29753 , -0.538788
3.22211 , 0.493008
3.28171 , 0.556997
3.39546 , -0.57639
3.43482 , -0.53601
3.51527 , -0.586027
3.38145 , 0.497409
3.54698 , -0.536095
3.43901 , 0.532284
3.43057 , 0.593818
3.48684 , 0.564459
3.57867 , -0.486488
3.59213 , -0.448001
0.445302 , -0.545156
0.491765 , -0.456309
0.491802 , -0.394358
3.54285 , -0.299698
0.518835 , -0.337817
0.457933 , -0.266249
3.63812 , -0.127409
3.58872 , -0.0960153
3.53569 , -0.24228
3.58596 , -0.154985
3.55247 , -0.00535616
3.50082 , -0.0318455
3.54279 , -0.0660554
3.61315 , 0.148333
3.56586 , 0.11542
3.59967 , 0.401845
3.55553 , 0.412676
3.55727 , 0.261696
3.58292 , 0.210829
0.458546 , 0.266197
0.499877 , 0.342608
3.49004 , 0.505854
0.527337 , 0.389436
0.450952 , 0.476013
0.496643 , -0.572184
0.561941 , 0.490458
0.587966 , -0.51433
0.592537 , -0.45938
0.600806 , 0.453745
0.985215 , -0.540634
0.902821 , -0.578671
0.923529 , -0.517468
0.813839 , -0.49163
0.756701 , -0.504349
0.693198 , 0.494683
0.787461 , 0.519203
0.897241 , 0.493817
0.917833 , 0.451548
1.10034 , -0.542653
1.0713 , -0.592492
1.17022 , -0.514347
0.975507 , 0.459165
1.03352 , 0.456228
1.09132 , 0.454845
1.14891 , 0.453291
1.32926 , -0.53363
1.2409 , -0.464621
1.38323 , -0.516101
1.23882 , 0.497654
1.2958 , 0.493045
1.31979 , 0.440147
1.63566 , -0.553926
1.59201 , -0.511339
1.55016 , -0.471045
1.49368 , -0.484035
1.35214 , 0.487656
1.46444 , 0.474696
1.52076 , 0.466343
1.61974 , 0.45987
1.7587 , -0.605586
1.69039 , -0.529346
1.64593 , -0.496793
1.67086 , 0.434118
1.84338 , -0.473417
1.71585 , 0.470511
1.76571 , 0.515475
1.85988 , 0.496604
2.04973 , -0.558364
2.04297 , -0.502867
1.99848 , -0.537851
1.89639 , 0.455828
1.95179 , 0.477031
2.23021 , -0.56954
2.14085 , -0.548253
2.09297 , -0.524792
2.00674 , 0.498641
2.04369 , 0.406038
2.10554 , 0.487356
2.15124 , 0.453272
2.20542 , 0.476038
2.4863 , -0.496857
2.3877 , -0.492307
2.28909 , -0.487738
2.28483 , -0.544461
2.25882 , 0.500426
2.56825 , -0.590331
2.29955 , 0.461816
2.39321 , 0.455989
2.59901 , -0.541353
2.44102 , 0.485299
2.48979 , 0.458573
2.55668 , 0.537348
2.8096 , -0.500501
2.71446 , -0.549174
2.69791 , -0.504134
2.64358 , -0.486199
2.60364 , 0.505656
2.66122 , 0.501367
2.70785 , 0.467236
2.81777 , 0.477825
3.01397 , -0.554533
2.98349 , -0.509082
2.93284 , -0.535541
2.86594 , 0.511538
3.16369 , -0.56575
3.13968 , -0.499325
3.02534 , -0.47014
2.96854 , 0.456172
3.0182 , 0.48795
3.06971 , 0.45916
3.23413 , -0.552961
3.12019 , 0.489505
3.33701 , -0.581738
3.17172 , 0.461236
3.27101 , 0.461621
3.45575 , -0.582698
3.35475 , -0.525332
3.52006 , -0.482468
3.2751 , 0.519548
3.32709 , 0.491136
3.42984 , 0.475401
3.53896 , -0.426082
3.48075 , -0.437786
0.492902 , -0.514627
0.543026 , -0.429352
3.50021 , -0.328387
0.581093 , -0.353691
0.51213 , -0.289333
3.47777 , -0.215863
3.53714 , -0.12421
3.50722 , 0.0255714
3.44504 , -0.0217195
3.48937 , -0.0897441
3.55901 , 0.172219
3.5168 , 0.133612
3.49585 , 0.0804637
3.51936 , 0.369309
3.5352 , 0.314253
3.47967 , 0.329489
3.49899 , 0.269048
0.512567 , 0.289779
3.47748 , 0.448676
0.558795 , 0.341879
0.486698 , 0.429516
0.544984 , 0.438222
0.650096 , -0.468487
0.606331 , -0.411041
0.657591 , 0.450288
0.962472 , -0.487865
0.918826 , -0.452709
0.869408 , -0.473763
0.767386 , -0.451981
0.724682 , -0.408477
0.71305 , 0.441343
0.748072 , 0.47832
0.803931 , 0.46406
0.841855 , 0.50471
0.859749 , 0.450069
1.11929 , -0.487644
1.04253 , -0.543437
1.18343 , -0.473994
0.997518 , 0.408498
1.05663 , 0.407896
1.11582 , 0.406096
1.14066 , 0.354964
1.34037 , -0.477958
1.28637 , -0.496792
1.296 , -0.441003
1.42483 , -0.555821
1.20626 , 0.449092
1.26348 , 0.4451
1.34412 , 0.383882
1.60583 , -0.454634
1.50606 , -0.427215
1.37507 , 0.432851
1.43083 , 0.427361
1.48516 , 0.421306
1.57475 , 0.427571
1.80313 , -0.567535
1.70164 , -0.470448
1.65908 , -0.443974
1.624 , 0.39842
1.93356 , -0.399435
1.763 , 0.457665
1.72542 , 0.412758
1.81343 , 0.48349
2.08923 , -0.47039
1.94689 , -0.517024
1.93958 , -0.457892
1.84098 , 0.433097
1.94313 , 0.41937
2.18513 , -0.532604
2.14022 , -0.494869
1.99764 , 0.440874
2.03605 , 0.347497
2.09758 , 0.429185
2.14259 , 0.393639
2.24819 , 0.438059
2.43832 , -0.46611
2.53922 , -0.530144
2.33989 , -0.461853
2.24202 , -0.455577
2.23735 , -0.512547
2.294 , 0.403935
2.58802 , -0.500579
2.34445 , 0.428406
2.44107 , 0.427796
2.48817 , 0.402601
2.55053 , 0.481739
2.8713 , -0.514723
2.75213 , -0.426215
2.79815 , -0.38738
2.64851 , -0.427565
2.59467 , -0.45295
2.5961 , 0.448516
2.65271 , 0.453519
2.6926 , 0.411366
2.7493 , 0.435521
2.8699 , 0.454976
2.96689 , -0.45584
2.9171 , -0.481872
2.90196 , -0.43284
2.91817 , 0.48565
3.19105 , -0.515467
3.08824 , -0.475528
2.96987 , 0.397033
3.0194 , 0.428823
3.07073 , 0.400665
3.25148 , -0.502888
3.12129 , 0.430747
3.30792 , -0.484752
3.22077 , 0.432665
3.27078 , 0.403437
3.49108 , -0.534498
3.46148 , -0.485892
3.32054 , 0.433325
3.3757 , 0.441431
3.5432 , -0.366974
3.48847 , -0.38499
0.55109 , -0.388002
3.49339 , -0.270944
3.45299 , -0.339992
0.569962 , -0.301023
3.53233 , -0.184547
3.44226 , -0.186278
3.46522 , 0.0300558
3.35526 , 0.014157
3.48389 , -0.14895
3.52307 , 0.216999
3.46036 , 0.127509
3.50945 , 0.427655
3.46648 , 0.387393
3.42477 , 0.345849
3.44916 , 0.282821
0.570623 , 0.300977
3.42781 , 0.417591
0.617804 , 0.34649
0.584112 , 0.394745
0.62763 , 0.402304
0.66616 , -0.411619
0.636729 , -0.360304
1.0163 , -0.493011
0.97113 , -0.432236
0.877793 , -0.41456
0.82473 , -0.4364
0.782193 , -0.397484
0.746606 , -0.358714
0.682896 , 0.398318
0.766626 , 0.424113
0.820187 , 0.406783
0.879482 , 0.406705
1.1414 , -0.433894
1.07046 , -0.49399
1.19862 , -0.423292
0.938564 , 0.406343
1.02415 , 0.359328
1.08254 , 0.358764
1.17342 , 0.40197
1.35087 , -0.422873
1.30744 , -0.384477
1.25391 , -0.406929
1.43789 , -0.499431
1.45079 , -0.442606
1.23055 , 0.397146
1.28775 , 0.392525
1.39841 , 0.379053
1.63942 , -0.400026
1.58303 , -0.386018
1.56207 , -0.416707
1.45291 , 0.373856
1.54121 , 0.412641
1.50853 , 0.369029
1.57242 , 0.36489
1.79476 , -0.444218
1.79719 , -0.509184
1.74189 , -0.425806
1.67883 , 0.376847
1.98601 , -0.423479
1.73444 , 0.356347
1.78577 , 0.407813
1.83439 , 0.374454
2.08837 , -0.418921
1.99144 , -0.481003
1.98477 , -0.367574
1.93333 , -0.341291
1.88877 , 0.397308
1.93568 , 0.361365
2.19234 , -0.474812
1.98968 , 0.382992
2.13568 , 0.335741
2.19569 , 0.416519
2.24135 , 0.381068
2.44227 , -0.41034
2.49108 , -0.440299
2.39039 , -0.435274
2.29271 , -0.430517
2.24609 , -0.398741
2.34135 , 0.370564
2.53803 , -0.473154
2.39164 , 0.398373
2.43982 , 0.370165
2.48474 , 0.347155
2.53658 , 0.428145
2.8539 , -0.463517
2.80023 , -0.444414
2.7011 , -0.39751
2.70053 , -0.456063
2.65049 , -0.368726
2.58089 , 0.395576
2.63519 , 0.403107
2.72397 , 0.365116
2.76823 , 0.37983
2.80876 , 0.422038
3.05805 , -0.427307
2.94986 , -0.402372
2.85161 , -0.406706
2.8646 , 0.400652
3.21023 , -0.461759
3.15695 , -0.445367
3.10793 , -0.426649
2.91837 , 0.425179
2.97126 , 0.338269
3.0207 , 0.370012
3.2652 , -0.448699
3.12163 , 0.372
3.40562 , -0.499443
3.17118 , 0.402437
3.2205 , 0.373407
3.42165 , -0.444656
3.32294 , 0.37557
3.38036 , 0.384196
3.43033 , -0.390234
3.45812 , -0.284
3.41118 , -0.304855
0.629032 , -0.301638
3.4265 , -0.132561
3.43709 , 0.0762725
3.40989 , 0.0231539
3.37927 , -0.0879899
3.38929 , -0.0322995
3.48293 , 0.178184
3.4269 , 0.177811
3.37112 , 0.327458
3.41327 , 0.286849
3.45766 , 0.227625
0.62983 , 0.301007
0.677416 , 0.343546
0.692328 , -0.354582
1.02748 , -0.437422
0.930803 , -0.392407
0.888064 , -0.354248
0.835823 , -0.377635
0.798649 , -0.336282
0.742308 , -0.315913
0.735688 , 0.380608
0.787262 , 0.356221
0.848509 , 0.356872
0.877791 , 0.306524
1.15967 , -0.382448
1.08437 , -0.438827
0.965638 , 0.358513
1.05177 , 0.310034
1.07868 , 0.282066
1.12183 , 0.31782
1.19773 , 0.349976
1.3954 , -0.45981
1.36227 , -0.366872
1.32117 , -0.326766
1.21455 , -0.367529
1.40786 , -0.402514
1.22607 , 0.301312
1.25499 , 0.345354
1.36722 , 0.329797
1.69747 , -0.404958
1.62295 , -0.344297
1.52254 , -0.371514
1.46431 , -0.385834
1.4224 , 0.325302
1.4775 , 0.321231
1.53223 , 0.318136
1.58465 , 0.319153
1.83807 , -0.404425
1.7521 , -0.484906
1.73833 , -0.365843
1.63284 , 0.340306
1.88749 , -0.435236
1.68805 , 0.322399
1.78195 , 0.347241
1.83105 , 0.316855
2.1411 , -0.44402
2.13689 , -0.387547
2.03761 , -0.447069
2.03688 , -0.392729
1.98302 , -0.311239
1.8817 , 0.338611
1.87675 , 0.279139
2.19224 , -0.416515
1.98222 , 0.324681
2.0894 , 0.370788
2.08257 , 0.31211
2.18888 , 0.358827
2.23535 , 0.323987
2.28853 , 0.346961
2.49645 , -0.388288
2.4473 , -0.356733
2.39406 , -0.379277
2.34157 , -0.403967
2.54566 , -0.419513
2.3384 , 0.312477
2.39058 , 0.340071
2.44314 , 0.308604
2.53469 , 0.371613
2.61113 , 0.349529
2.85119 , -0.350331
2.7986 , -0.329942
2.7005 , -0.338968
2.65123 , -0.310443
2.59865 , -0.395364
2.64734 , 0.305172
2.66796 , 0.358555
2.76241 , 0.320833
2.80955 , 0.304929
3.00413 , -0.415182
2.9523 , -0.34625
2.9013 , -0.376004
2.81923 , 0.363051
3.23155 , -0.408856
3.18097 , -0.394159
3.12528 , -0.378365
2.91971 , 0.366249
3.02283 , 0.311178
3.0717 , 0.342328
3.35905 , -0.466217
3.17122 , 0.342019
3.37548 , -0.410224
3.22197 , 0.314863
3.27211 , 0.347109
3.32209 , 0.317764
3.42059 , -0.242228
3.36845 , -0.271544
3.38567 , -0.352577
0.687385 , -0.29198
3.43455 , -0.0767715
3.38014 , 0.0717622
3.30188 , -0.00722865
3.33462 , -0.053542
3.40383 , 0.123854
3.35897 , 0.27111
3.39902 , 0.229441
0.687783 , 0.289439
0.986785 , -0.378702
0.946426 , -0.336471
0.906171 , -0.300251
0.850048 , -0.309765
0.799234 , -0.28093
0.742443 , -0.266389
0.734584 , 0.325916
0.785762 , 0.295367
0.820193 , 0.305899
0.90708 , 0.356903
1.17509 , -0.328562
1.10191 , -0.388052
0.936045 , 0.307645
0.994251 , 0.309028
1.02406 , 0.258669
1.17512 , 0.297247
1.41314 , -0.343894
1.37436 , -0.299787
1.27517 , -0.28761
1.26662 , -0.34446
1.2269 , 0.248367
1.27778 , 0.289884
1.31164 , 0.33639
1.67987 , -0.357783
1.66319 , -0.30297
1.60652 , -0.288531
1.51865 , -0.317204
1.46628 , -0.332
1.33461 , 0.281699
1.44867 , 0.27205
1.50583 , 0.268458
1.56314 , 0.271349
1.78509 , -0.384264
1.8841 , -0.368029
1.62149 , 0.282105
1.87844 , -0.309314
1.7405 , 0.297782
1.78103 , 0.287676
1.82404 , 0.261566
2.1358 , -0.330068
2.08523 , -0.303928
2.08583 , -0.361418
2.03478 , -0.335546
1.92555 , 0.24571
1.92933 , 0.303737
2.24264 , -0.345673
2.02904 , 0.289243
2.12861 , 0.277595
2.18215 , 0.301213
2.22925 , 0.266768
2.28393 , 0.28955
2.54922 , -0.36376
2.50012 , -0.33306
2.34712 , -0.346316
2.40001 , -0.32314
2.29558 , -0.368555
2.27532 , 0.238407
2.38973 , 0.281928
2.43872 , 0.247613
2.50433 , 0.308769
2.5606 , 0.322148
2.59952 , 0.279925
2.84883 , -0.294149
2.75145 , -0.366428
2.74943 , -0.307116
2.60125 , -0.337998
2.60296 , -0.280359
2.6831 , 0.26047
2.70381 , 0.313905
2.866 , 0.290415
2.88045 , 0.240967
3.06724 , -0.372811
3.00946 , -0.360753
2.99865 , -0.3097
2.93541 , 0.247994
3.31624 , -0.426044
3.22517 , -0.353952
3.16755 , -0.338368
2.97553 , 0.27802
3.07184 , 0.279538
3.3341 , -0.373718
3.12113 , 0.311574
3.22996 , 0.256791
3.27253 , 0.291984
3.31366 , 0.260328
3.38982 , -0.191456
3.34486 , -0.22784
3.30828 , -0.272567
3.33542 , -0.320989
3.36736 , -0.136677
3.34611 , 0.117571
3.24431 , -0.00997436
3.31492 , -0.108707
3.36976 , 0.17023
3.34185 , 0.215458
1.04399 , -0.387082
1.0175 , -0.335217
0.952927 , -0.266283
0.903109 , -0.247265
0.849941 , -0.249959
0.792276 , -0.234064
0.742109 , 0.266684
0.84749 , 0.254346
0.878782 , 0.204822
0.906563 , 0.256671
1.22267 , -0.307409
1.12324 , -0.339273
0.966595 , 0.259422
0.992809 , 0.208781
1.12994 , 0.262473
1.17454 , 0.24004
1.43377 , -0.288265
1.3214 , -0.268013
1.29734 , -0.213971
1.25126 , -0.234937
1.27586 , 0.232676
1.31603 , 0.226621
1.37282 , 0.223105
1.72044 , -0.315519
1.58935 , -0.225083
1.55124 , -0.270253
1.56637 , -0.330468
1.46693 , -0.228276
1.39173 , 0.276905
1.48518 , 0.217284
1.54133 , 0.220752
1.59817 , 0.227629
1.83025 , -0.344907
1.77892 , -0.323549
1.68052 , 0.284813
1.9329 , -0.284414
1.88518 , -0.253902
1.72104 , 0.242216
1.77818 , 0.229175
1.84976 , 0.220246
2.18643 , -0.358781
2.18448 , -0.300964
2.13407 , -0.27241
2.03457 , -0.278609
1.92594 , 0.162165
1.97538 , 0.265588
2.24201 , -0.296516
2.07509 , 0.253205
2.12282 , 0.219383
2.17589 , 0.243768
2.17202 , 0.187267
2.55257 , -0.308347
2.40995 , -0.268226
2.35299 , -0.28901
2.45277 , -0.299829
2.29816 , -0.308212
2.23494 , 0.202396
2.33206 , 0.254554
2.38139 , 0.227075
2.49044 , 0.25341
2.54478 , 0.267315
2.63269 , 0.233231
2.89985 , -0.31915
2.89664 , -0.261315
2.79637 , -0.272282
2.69964 , -0.280286
2.65285 , -0.250646
2.50495 , -0.277124
2.68046 , 0.203062
2.73617 , 0.267964
2.77513 , 0.257088
2.87384 , 0.343321
3.0549 , -0.31698
3.04836 , -0.259969
2.99273 , -0.255344
2.92211 , 0.306335
3.27521 , -0.321623
3.27881 , -0.380356
3.1535 , -0.281681
2.96807 , 0.198438
3.02518 , 0.24382
3.12175 , 0.252797
3.17243 , 0.28321
3.28052 , 0.220419
3.33138 , -0.180127
3.28345 , -0.158969
3.28768 , -0.218332
3.2515 , -0.266991
3.32417 , 0.062541
3.27087 , 0.041232
3.21504 , 0.0407906
3.21756 , -0.0611344
3.25556 , -0.106696
3.31219 , 0.165227
1.06965 , -0.338453
0.989451 , -0.297106
1.00588 , -0.241139
0.894567 , -0.196375
0.834592 , -0.192365
0.791813 , 0.235009
0.833711 , 0.192667
0.936393 , 0.211742
1.09866 , -0.291691
0.978996 , 0.153156
1.02771 , 0.190326
1.12568 , 0.206649
1.07191 , 0.226936
1.23262 , 0.195571
1.49138 , -0.27213
1.39504 , -0.204733
1.35289 , -0.244302
1.19762 , -0.255295
1.15098 , -0.278652
1.28567 , 0.176513
1.34261 , 0.175091
1.70172 , -0.2601
1.64609 , -0.248656
1.52804 , -0.221604
1.50185 , -0.178963
1.39922 , 0.170622
1.42878 , 0.218958
1.51596 , 0.168713
1.57361 , 0.174268
1.82192 , -0.28307
1.7582 , -0.270822
1.63117 , 0.181213
1.65514 , 0.234045
1.9832 , -0.254898
1.93384 , -0.227596
1.69286 , 0.191063
1.75129 , 0.18582
1.80975 , 0.17967
2.22139 , -0.259843
2.08354 , -0.246548
2.03265 , -0.221719
1.98134 , -0.19868
1.90133 , 0.207809
1.96734 , 0.204659
2.07002 , 0.194112
2.06665 , 0.134676
2.1192 , 0.161079
2.27949 , 0.14909
2.46008 , -0.242081
2.36461 , -0.238944
2.31008 , -0.248878
2.51082 , -0.222571
2.27379 , -0.244825
2.30923 , 0.200046
2.36025 , 0.174702
2.41904 , 0.188812
2.47455 , 0.198379
2.52995 , 0.212288
2.58365 , 0.224059
2.94654 , -0.287563
2.84454 , -0.237906
2.74706 , -0.248466
2.70156 , -0.21886
2.60451 , -0.222656
2.55599 , -0.252097
2.73659 , 0.211609
2.79189 , 0.200683
2.82551 , 0.248419
2.84943 , 0.195087
3.11189 , -0.322088
3.10485 , -0.264537
3.02279 , -0.208108
2.90884 , 0.194821
3.20837 , -0.298965
3.19655 , -0.242631
3.02379 , 0.187776
3.07729 , 0.207252
3.17673 , 0.23199
3.22337 , 0.199111
3.26547 , 0.160739
3.22551 , -0.15383
3.24423 , -0.20905
3.29232 , 0.11017
3.2426 , 0.0914452
3.18669 , -0.00924677
3.27627 , -0.0591717
3.18855 , -0.108942
1.04734 , -0.282961
1.06152 , -0.222929
1.01144 , -0.190213
0.953712 , -0.208526
0.867144 , -0.142746
0.867364 , 0.143446
0.921636 , 0.164945
0.941298 , 0.111967
1.03387 , 0.133289
1.13313 , 0.149963
1.081 , 0.171633
1.17742 , 0.18358
1.41197 , -0.253142
1.25091 , -0.176314
1.20659 , -0.197902
1.29725 , -0.154758
1.15462 , -0.216501
1.24105 , 0.141004
1.28486 , 0.106147
1.73881 , -0.215839
1.68343 , -0.204802
1.63191 , -0.194852
1.5615 , -0.169665
1.31496 , 0.129795
1.45665 , 0.169537
1.48504 , 0.120269
1.54793 , 0.1205
1.84769 , -0.23428
1.79565 , -0.226433
1.7194 , 0.139613
1.74183 , 0.0860342
1.98278 , -0.143052
1.77674 , 0.132279
1.86692 , 0.165869
1.89117 , 0.114259
2.17872 , -0.236202
2.13044 , -0.213033
2.08016 , -0.18924
1.98327 , 0.147384
2.02168 , 0.228564
2.01834 , 0.169266
2.16979 , 0.129514
2.22157 , 0.155771
2.23637 , 0.10891
2.45257 , -0.182312
2.41156 , -0.212373
2.2809 , -0.184639
2.22466 , -0.149127
2.50805 , -0.169391
2.28859 , 0.0872283
2.33189 , 0.125324
2.40132 , 0.1354
2.45754 , 0.143667
2.51546 , 0.157182
2.57317 , 0.166952
2.94544 , -0.227857
2.89174 , -0.203552
2.79304 , -0.214417
2.74902 , -0.185244
2.69946 , -0.160355
2.65228 , -0.191906
2.5583 , -0.195902
2.6311 , 0.174828
2.71412 , 0.159879
2.75878 , 0.152153
2.8162 , 0.14758
3.14125 , -0.215325
3.08173 , -0.211375
2.93829 , -0.169058
2.87405 , 0.144901
2.93137 , 0.142301
3.15777 , -0.156342
3.04366 , 0.139093
3.13167 , 0.194893
3.15893 , 0.143891
3.21443 , 0.141879
3.18611 , 0.0915587
3.15783 , 0.0410196
3.12893 , -0.00932996
3.15875 , -0.059054
3.12889 , -0.107952
1.11185 , -0.239417
1.05963 , -0.156557
0.967222 , -0.15096
0.914994 , -0.141224
0.890043 , 0.0882065
0.996336 , 0.0947004
1.08722 , 0.116011
1.13956 , 0.0976343
1.18598 , 0.127728
1.44408 , -0.17855
1.39679 , -0.148885
1.34536 , -0.185307
1.34759 , -0.128693
1.25394 , -0.117805
1.20413 , -0.139883
1.15881 , -0.158036
1.23329 , 0.0847133
1.27879 , 0.0504154
1.33303 , 0.074135
1.77621 , -0.171747
1.66453 , -0.146976
1.6098 , -0.145573
1.5139 , -0.12506
1.36899 , 0.12149
1.42755 , 0.120578
1.51386 , 0.0739511
1.6051 , 0.129492
1.88762 , -0.195224
1.87527 , -0.141858
1.83231 , -0.181284
1.66161 , 0.141628
1.6874 , 0.0944645
2.02837 , -0.165069
1.79868 , 0.0773736
1.83386 , 0.122704
1.85558 , 0.0691036
2.2275 , -0.20564
2.17668 , -0.178702
2.12641 , -0.15451
1.91166 , 0.0597561
1.94482 , 0.106353
2.07297 , 0.0754722
2.11823 , 0.103467
2.19013 , 0.0757502
2.49072 , -0.135084
2.43261 , -0.125531
2.33852 , -0.197045
2.32869 , -0.145343
2.27227 , -0.12477
2.29791 , 0.0295879
2.3841 , 0.101366
2.43943 , 0.087078
2.49088 , 0.050997
2.55265 , 0.112324
2.88436 , -0.14535
2.83781 , -0.109149
2.83959 , -0.180955
2.79458 , -0.149023
2.74145 , -0.122213
2.65738 , -0.128001
2.60988 , -0.164007
2.55765 , -0.141076
2.60919 , 0.120725
2.66844 , 0.128242
2.72344 , 0.104817
2.78409 , 0.0992171
3.19194 , -0.195884
3.0439 , -0.158987
2.98654 , -0.162467
2.84259 , 0.0958686
2.95782 , 0.0915453
2.98717 , 0.142172
3.07221 , 0.0904514
3.09976 , 0.14455
0.890272 , -0.0877658
3.12936 , 0.0927899
3.10043 , 0.0406054
3.09967 , -0.0591302
0.901202 , -0.0296558
0.900541 , 0.0295429
1.10675 , -0.183769
1.0604 , -0.0976696
1.01525 , -0.130959
0.950792 , 0.0587869
1.05137 , 0.0747757
1.10938 , 0.0539525
1.18773 , 0.0711234
1.45624 , -0.139461
1.42462 , -0.0388967
1.41551 , -0.0962863
1.26396 , -0.0622196
1.20894 , -0.08199
1.16622 , -0.0378997
1.16155 , -0.0991386
1.22576 , 0.0282862
1.32447 , 0.0161388
1.37366 , 0.0370086
1.76148 , -0.11589
1.72056 , -0.160852
1.62986 , -0.0977929
1.57057 , -0.108314
1.52702 , -0.0681639
1.39859 , 0.0721336
1.4561 , 0.0706557
1.54045 , 0.0301374
1.58115 , 0.0687526
1.93298 , -0.161358
1.85954 , -0.0857875
1.84193 , -0.0319238
1.63218 , 0.0903113
1.67643 , -0.00996663
2.07488 , -0.13202
1.70343 , 0.0419241
1.76357 , 0.0322923
1.87878 , 0.0114769
2.17307 , -0.120521
2.12002 , -0.0970973
1.97547 , 0.0588818
2.01869 , 0.0995941
2.09169 , 0.0189787
2.13924 , 0.0498213
2.24367 , 0.0509701
2.47646 , -0.0847476
2.41942 , -0.0681712
2.38649 , -0.162606
2.31804 , -0.0872455
2.26294 , -0.0654886
2.34219 , 0.0662373
2.35223 , 0.00842721
2.39582 , 0.0454474
2.51379 , 0.00302864
2.49615 , 0.103343
2.54191 , 0.0551603
2.95431 , -0.112214
2.89618 , -0.106471
2.78193 , -0.0930665
2.74447 , -0.0491649
2.72439 , 0.00600459
2.69667 , -0.0832206
2.64501 , -0.0697071
2.6024 , -0.10569
2.6433 , 0.0214848
2.6459 , 0.0783661
2.75284 , 0.0539823
2.81093 , 0.0469022
3.10117 , -0.158048
3.01255 , -0.110374
2.98281 , -0.0604974
2.86929 , 0.044034
2.90041 , 0.0932304
2.98515 , 0.0409343
3.01496 , 0.0905259
0.949865 , -0.0941154
3.07085 , -0.00948637
3.07093 , -0.109062
0.952687 , 0.00308799
1.10983 , -0.125834
1.00649 , -0.0759839
1.00554 , 0.0383403
1.06005 , 0.017283
1.11284 , -0.00749551
1.16396 , 0.0237549
1.47174 , -0.0840189
1.36309 , -0.0741231
1.30825 , -0.0979924
1.31714 , -0.0407614
1.22012 , -0.0272401
1.06068 , -0.0405963
1.1125 , -0.0666469
1.27184 , -0.00581168
1.3709 , -0.0178048
1.81861 , -0.127751
1.70472 , -0.105349
1.68141 , -0.0667997
1.62911 , -0.0389316
1.53851 , -0.0110727
1.42594 , 0.0198928
1.48336 , 0.024886
1.58255 , -0.0504717
1.5941 , 0.00839114
1.97206 , -0.0891173
1.91799 , -0.10246
1.90093 , -0.0442099
1.74229 , -0.0608215
2.02475 , -0.107478
1.72996 , -0.00711914
1.82134 , 0.0229259
1.93724 , 0.0135159
2.21928 , -0.0927363
2.06713 , -0.0739574
1.99498 , 0.0040806
2.0332 , 0.0418319
2.1063 , -0.0388466
2.14688 , -0.00738208
2.19784 , 0.0189415
2.53507 , -0.0962341
2.46296 , -0.0279193
2.37436 , -0.106784
2.30743 , -0.028927
2.21041 , -0.0368412
2.3628 , -0.0492299
2.40705 , -0.0113633
2.44927 , 0.0287351
2.57341 , 0.00633085
2.59777 , 0.0614091
2.95477 , -0.00939603
2.92435 , -0.0591356
2.86513 , -0.057086
2.80646 , -0.0544602
2.77949 , -0.00229983
2.68305 , -0.0241417
2.62155 , -0.0217989
2.5755 , -0.0533486
2.69419 , 0.0535835
2.8379 , -0.00516724
3.04132 , -0.0596547
2.8964 , -0.00773251
2.92734 , 0.0418198
3.01284 , -0.00944811
3.04286 , 0.0406934
0.95669 , -0.0462495
1.00728 , -0.0179573
1.48242 , -0.0287164
1.78538 , -0.0214579
1.80085 , -0.0730272
1.64493 , 0.0372146
2.01447 , -0.0506373
1.95814 , -0.0396811
2.16104 , -0.0636015
2.05155 , -0.014849
2.51862 , -0.0430452
2.25265 , -0.00726441
0.85 , 0
0.845196 , 0.0487726
0.83097 , 0.0956709
0.807867 , 0.138893
0.776777 , 0.176777
0.738893 , 0.207867
0.695671 , 0.23097
0.648773 , 0.245196
0.6 , 0.25
0.551227 , 0.245196
0.504329 , 0.23097
0.461107 , 0.207867
0.423223 , 0.176777
0.392133 , 0.138893
0.36903 , 0.0956709
0.354804 , 0.0487726
0.35 , 3.06162e-17
0.354804 , -0.0487726
0.36903 , -0.0956709
0.392133 , -0.138893
0.423223 , -0.176777
0.461107 , -0.207867
0.504329 , -0.23097
0.551227 , -0.245196
0.6 , -0.25
0.648773 , -0.245196
0.695671 , -0.23097
0.738893 , -0.207867
0.776777 , -0.176777
0.807867 , -0.138893
0.83097 , -0.0956709
0.845196 , -0.0487726
