0
1
2
3
4
5
6
7
8
9
10
11
12
13
14
15
16
17
18
19
20
21
22
23
24
25
26
27
28
29
30
31
32
33
34
35
36
37
38
39
40
41
42
43
44
45
46
47
48
49
50
51
52
53
54
55
56
57
58
59
60
61
62
63
64
65
66
67
68
69
70
71
72
73
74
75
76
77
78
79
80
81
82
83
84
85
86
87
88
89
90
91
92
93
94
95
96
97
98
99
100
101
102
103
104
105
106
107
108
109
110
111
112
113
114
115
116
117
118
119
120
121
122
123
124
125
126
127
128
129
130
131
132
133
134
135
136
137
138
139
140
141
142
143
144
145
146
147
148
149
150
151
152
153
154
155
156
157
158
159
160
161
162
163
164
165
166
167
168
169
170
171
172
173
174
175
176
177
178
179
180
181
182
183
184
185
186
187
188
189
190
191
192
193
194
195
196
197
198
199
200
201
202
203
204
205
206
207
208
209
210
211
212
213
214
215
216
217
218
219
220
221
222
223
224
225
226
227
228
229
230
231
232
233
234
235
236
237
238
239
240
241
242
243
244
245
246
247
248
249
250
251
252
253
254
255
256
257
258
259
260
261
262
263
264
265
266
267
268
269
270
271
272
273
274
275
276
277
278
279
280
281
282
283
284
285
286
287
288
289
290
291
292
293
294
295
296
297
298
299
300
301
302
303
304
305
306
307
308
309
310
311
312
313
314
315
316
317
318
319
320
321
322
323
324
325
326
327
328
329
330
331
332
333
334
335
336
337
338
339
340
341
342
343
344
345
346
347
348
349
350
351
352
353
354
355
356
357
358
359
360
361
362
363
364
365
366
367
368
369
370
371
372
373
374
375
376
377
378
379
380
381
382
383
384
385
386
387
388
389
390
391
392
393
394
395
396
397
398
399
400
401
402
403
404
405
406
407
408
409
410
411
412
413
414
415
416
417
418
419
420
421
422
423
424
425
426
427
428
429
430
431
432
433
434
435
436
437
438
439
440
441
442
443
444
445
446
447
448
449
450
451
452
453
454
455
456
457
458
459
460
461
462
463
464
465
466
467
468
469
470
471
472
473
474
475
476
477
478
479
480
481
482
483
484
485
486
487
488
489
490
491
492
493
494
495
496
497
498
499
500
501
502
503
504
505
506
507
508
509
510
511
512
513
514
515
516
517
518
519
520
521
522
523
524
525
526
527
528
529
530
531
532
533
534
535
536
537
538
539
540
541
542
543
544
545
546
547
548
549
550
551
552
553
554
555
556
557
558
559
560
561
562
563
564
565
566
567
568
569
570
571
572
573
574
575
576
577
578
579
580
581
582
583
584
585
586
587
588
589
590
591
592
593
594
595
596
597
598
599
600
601
602
603
604
605
606
607
608
609
610
611
612
613
614
615
616
617
618
619
620
621
622
623
624
625
626
627
628
629
630
631
632
633
634
635
636
637
638
639
640
641
642
643
644
645
646
647
648
649
650
651
652
653
654
655
656
657
658
659
660
661
662
663
664
665
666
667
668
669
670
671
672
673
674
675
676
677
678
679
680
681
682
683
684
685
686
687
688
689
690
691
692
693
694
695
696
697
698
699
700
701
702
703
704
705
706
707
708
709
710
711
712
713
714
715
716
717
718
719
720
721
722
723
724
725
726
727
728
729
730
731
732
733
734
735
736
737
738
739
740
741
742
743
744
745
746
747
748
749
750
751
752
753
754
755
756
757
758
759
760
761
762
763
764
765
766
767
768
769
770
771
772
773
774
775
776
777
778
779
780
781
782
783
784
785
786
787
788
789
790
791
792
793
794
795
796
797
798
799
800
801
802
803
804
805
806
807
808
809
810
811
812
813
814
815
816
817
818
819
820
821
822
823
824
825
826
827
828
829
830
831
832
833
834
835
836
837
838
839
840
841
842
843
844
845
846
847
848
849
850
851
852
853
854
855
856
857
858
859
860
861
862
863
864
865
866
867
868
869
870
871
872
873
874
875
876
877
878
879
880
881
882
883
884
885
886
887
888
889
890
891
892
893
894
895
896
897
898
899
900
901
902
903
904
905
906
907
908
909
910
911
912
913
914
915
916
917
918
919
920
921
922
923
924
925
926
927
928
929
930
931
932
933
934
935
936
937
938
939
940
941
942
943
944
945
946
947
948
949
950
951
952
953
954
955
956
957
958
959
960
961
962
963
964
965
966
967
968
969
970
971
972
973
974
975
976
977
978
979
980
981
982
983
984
985
986
987
988
989
990
991
992
993
994
995
996
997
998
999
1000
1001
1002
1003
1004
1005
1006
1007
1008
1009
1010
1011
1012
1013
1014
1015
1016
1017
1018
1019
1020
1021
1022
1023
1024
1025
1026
1027
1028
1029
1030
1031
1032
1033
1034
1035
1036
1037
1038
1039
1040
1041
1042
1043
1044
1045
1046
1047
1048
1049
1050
1051
1052
1053
1054
1055
1056
1057
1058
1059
1060
1061
1062
1063
1064
1065
1066
1067
1068
1069
1070
1071
1072
1073
1074
1075
1076
1077
1078
1079
1080
1081
1082
1083
1084
1085
1086
1087
1088
1089
1090
1091
1092
1093
1094
1095
1096
1097
1098
1099
1100
1101
1102
1103
1104
1105
1106
1107
1108
1109
1110
1111
1112
1113
1114
1115
1116
1117
1118
1119
1120
1121
1122
1123
1124
1125
1126
1127
1128
1129
1130
1131
1132
1133
1134
1135
1136
1137
1138
1139
1140
1141
1142
1143
1144
1145
1146
1147
1148
1149
1150
1151
1152
1153
1154
1155
1156
1157
1158
1159
1160
1161
1162
1163
1164
1165
1166
1167
1168
1169
1170
1171
1172
1173
1174
1175
1176
1177
1178
1179
1180
1181
1182
1183
1184
1185
1186
1187
1188
1189
1190
1191
1192
1193
1194
1195
1196
1197
1198
1199
1200
1201
1202
1203
1204
1205
1206
1207
1208
1209
1210
1211
1212
1213
1214
1215
1216
1217
1218
1219
1220
1221
1222
1223
1224
1225
1226
1227
1228
1229
1230
1231
1232
1233
1234
1235
1236
1237
1238
1239
1240
1241
1242
1243
1244
1245
1246
1247
1248
1249
1250
1251
1252
1253
1254
1255
1256
1257
1258
1259
1260
1261
1262
1263
1264
1265
1266
1267
1268
1269
1270
1271
1272
1273
1274
1275
1276
1277
1278
1279
1280
1281
1282
1283
1284
1285
1286
1287
1288
1289
1290
1291
1292
1293
1294
1295
1296
1297
1298
1299
1300
1301
1302
1303
1304
1305
1306
1307
1308
1309
1310
1311
1312
1313
1314
1315
1316
1317
1318
1319
1320
1321
1322
1323
1324
1325
1326
1327
1328
1329
1330
1331
1332
1333
1334
1335
1336
1337
1338
1339
1340
1341
1342
1343
1344
1345
1346
1347
1348
1349
1350
1351
1352
1353
1354
1355
1356
1357
1358
1359
1360
1361
1362
1363
1364
1365
1366
1367
1368
1369
1370
1371
1372
1373
1374
1375
1376
1377
1378
1379
1380
1381
1382
1383
1384
1385
1386
1387
1388
1389
1390
1391
1392
1393
1394
1395
1396
1397
1398
1399
1400
1401
1402
1403
1404
1405
1406
1407
1408
1409
1410
1411
1412
1413
1414
1415
1416
1417
1418
1419
1420
1421
1422
1423
1424
1425
1426
1427
1428
1429
1430
1431
1432
1433
1434
1435
1436
1437
1438
1439
1440
1441
1442
1443
1444
1445
1446
1447
1448
1449
1450
1451
1452
1453
1454
1455
1456
1457
1458
1459
1460
1461
1462
1463
1464
1465
1466
1467
1468
1469
1470
1471
1472
1473
1474
1475
1476
1477
1478
1479
1480
1481
1482
1483
1484
1485
1486
1487
1488
1489
1490
1491
1492
1493
1494
1495
1496
1497
1498
1499
1500
1501
1502
1503
1504
1505
1506
1507
1508
1509
1510
1511
1512
1513
1514
1515
1516
1517
1518
1519
1520
1521
1522
1523
1524
1525
1526
1527
1528
1529
1530
1531
1532
1533
1534
1535
1536
1537
1538
1539
1540
1541
1542
1543
1544
1545
1546
1547
1548
1549
1550
1551
1552
1553
1554
1555
1556
1557
1558
1559
1560
1561
1562
1563
1564
1565
1566
1567
1568
1569
1570
1571
1572
1573
1574
1575
1576
1577
1578
1579
1580
1581
1582
1583
1584
1585
1586
1587
1588
1589
1590
1591
1592
1593
1594
1595
1596
1597
1598
1599
1600
1601
1602
1603
1604
1605
1606
1607
1608
1609
1610
1611
1612
1613
1614
1615
1616
1617
1618
1619
1620
1621
1622
1623
1624
1625
1626
1627
1628
1629
1630
1631
1632
1633
1634
1635
1636
1637
1638
1639
1640
1641
1642
1643
1644
1645
1646
1647
1648
1649
1650
1651
1652
1653
1654
1655
1656
1657
1658
1659
1660
1661
1662
1663
1664
1665
1666
1667
1668
1669
1670
1671
1672
1673
1674
1675
1676
1677
1678
1679
1680
1681
1682
1683
1684
1685
1686
1687
1688
1689
1690
1691
1692
1693
1694
1695
1696
1697
1698
1699
1700
1701
1702
1703
1704
1705
1706
1707
1708
1709
1710
1711
1712
1713
1714
1715
1716
1717
1718
1719
1720
1721
1722
1723
1724
1725
1726
1727
1728
1729
1730
1731
1732
1733
1734
1735
1736
1737
1738
1739
1740
1741
1742
1743
1744
1745
1746
1747
1748
1749
1750
1751
1752
1753
1754
1755
1756
1757
1758
1759
1760
1761
1762
1763
1764
1765
1766
1767
1768
1769
1770
1771
1772
1773
1774
1775
1776
1777
1778
1779
1780
1781
1782
1783
1784
1785
1786
1787
1788
1789
1790
1791
1792
1793
1794
1795
1796
1797
1798
1799
1800
1801
1802
1803
1804
1805
1806
1807
1808
1809
1810
1811
1812
1813
1814
1815
1816
1817
1818
1819
1820
1821
1822
1823
1824
1825
1826
1827
1828
1829
1830
1831
1832
1833
1834
1835
1836
1837
1838
1839
1840
1841
1842
1843
1844
1845
1846
1847
1848
1849
1850
1851
1852
1853
1854
1855
1856
1857
1858
1859
1860
1861
1862
1863
1864
1865
1866
1867
1868
1869
1870
1871
1872
1873
1874
1875
1876
1877
1878
1879
1880
1881
1882
1883
1884
1885
1886
1887
1888
1889
1890
1891
1892
1893
1894
1895
1896
1897
1898
1899
1900
1901
1902
1903
1904
1905
1906
1907
1908
1909
1910
1911
1912
1913
1914
1915
1916
1917
1918
1919
1920
1921
1922
1923
1924
1925
1926
1927
1928
1929
1930
1931
1932
1933
1934
1935
1936
1937
1938
1939
1940
1941
1942
1943
1944
1945
1946
1947
1948
1949
1950
1951
1952
1953
1954
1955
1956
1957
1958
1959
1960
1961
1962
1963
1964
1965
1966
1967
1968
1969
1970
1971
1972
1973
1974
1975
1976
1977
1978
1979
1980
1981
1982
1983
1984
1985
1986
1987
1988
1989
1990
1991
1992
1993
1994
1995
1996
1997
1998
1999
2000
2001
2002
2003
2004
2005
2006
2007
2008
2009
2010
2011
2012
2013
2014
2015
2016
2017
2018
2019
2020
2021
2022
2023
2024
2025
2026
2027
2028
2029
2030
2031
2032
2033
2034
2035
2036
2037
2038
2039
2040
2041
2042
2043
2044
2045
2046
2047
2048
2049
2050
2051
2052
2053
2054
2055
2056
2057
2058
2059
2060
2061
2062
2063
2064
2065
2066
2067
2068
2069
2070
2071
2072
2073
2074
2075
2076
2077
2078
2079
2080
2081
2082
2083
2084
2085
2086
2087
2088
2089
2090
2091
2092
2093
2094
2095
2096
2097
2098
2099
2100
2101
2102
2103
2104
2105
2106
2107
2108
2109
2110
2111
2112
2113
2114
2115
2116
2117
2118
2119
2120
2121
2122
2123
2124
2125
2126
2127
2128
2129
2130
2131
2132
2133
2134
2135
2136
2137
2138
2139
2140
2141
2142
2143
2144
2145
2146
2147
2148
2149
2150
2151
2152
2153
2154
2155
2156
2157
2158
2159
2160
2161
2162
2163
2164
2165
2166
2167
2168
2169
2170
2171
2172
2173
2174
2175
2176
2177
2178
2179
2180
2181
2182
2183
2184
2185
2186
2187
2188
2189
2190
2191
2192
2193
2194
2195
2196
2197
2198
2199
2200
2201
2202
2203
2204
2205
2206
2207
2208
2209
2210
2211
2212
2213
2214
2215
2216
2217
2218
2219
2220
2221
2222
2223
2224
2225
2226
2227
2228
2229
2230
2231
2232
2233
2234
2235
2236
2237
2238
2239
2240
2241
2242
2243
2244
2245
2246
2247
2248
2249
2250
2251
2252
2253
2254
2255
2256
2257
2258
2259
2260
2261
2262
2263
2264
2265
2266
2267
2268
2269
2270
2271
2272
2273
2274
2275
2276
2277
2278
2279
2280
2281
2282
2283
2284
2285
2286
2287
2288
2289
2290
2291
2292
2293
2294
2295
2296
2297
2298
2299
2300
2301
2302
2303
2304
2305
2306
2307
2308
2309
2310
2311
2312
2313
2314
2315
2316
2317
2318
2319
2320
2321
2322
2323
2324
2325
2326
2327
2328
2329
2330
2331
2332
2333
2334
2335
2336
2337
2338
2339
2340
2341
2342
2343
2344
2345
2346
2347
2348
2349
2350
2351
2352
2353
2354
2355
2356
2357
2358
2359
2360
2361
2362
2363
2364
2365
2366
2367
2368
2369
2370
2371
2372
2373
2374
2375
2376
2377
2378
2379
2380
2381
2382
2383
2384
2385
2386
2387
2388
2389
2390
2391
2392
2393
2394
2395
2396
2397
2398
2399
2400
2401
2402
2403
2404
2405
2406
2407
2408
2409
2410
2411
2412
2413
2414
2415
2416
2417
2418
2419
2420
2421
2422
2423
2424
2425
2426
2427
2428
2429
2430
2431
2432
2433
2434
2435
2436
2437
2438
2439
2440
2441
2442
2443
2444
2445
2446
2447
2448
2449
2450
2451
2452
2453
2454
2455
2456
2457
2458
2459
2460
2461
2462
2463
2464
2465
2466
2467
2468
2469
2470
2471
2472
2473
2474
2475
2476
2477
2478
2479
2480
2481
2482
2483
2484
2485
2486
2487
2488
2489
2490
2491
2492
2493
2494
2495
2496
2497
2498
2499
2500
2501
2502
2503
2504
2505
2506
2507
2508
2509
2510
2511
2512
2513
358414
358415
358416
358417
358418
358419
358420
358421
358422
358423
358424
358425
358426
358427
358428
358429
358430
358431
358432
358433
358434
358435
358436
358437
358438
358439
358440
358441
358442
358443
358444
358445
358446
358447
358448
358449
358450
358451
358452
358453
358454
358455
358456
358457
358458
358459
358460
358461
358462
358463
358464
358465
358466
358467
358468
358469
358470
358471
358472
358473
358474
358475
358476
358477
358478
358479
358480
358481
358482
358483
358484
358485
358486
358487
358488
358489
358490
358491
358492
358493
358494
358495
358496
358497
358498
358499
358500
358501
358502
358503
358504
358505
358506
358507
358508
358509
358510
358511
358512
358513
358514
358515
358516
358517
358518
358519
358520
358521
358522
358523
358524
358525
358526
358527
358528
358529
358530
358531
358532
358533
358534
358535
358536
358537
358538
358539
358540
358541
358542
358543
358544
358545
358546
358547
358548
358549
358550
358551
358552
358553
358554
358555
358556
358557
358558
358559
358560
358561
358562
358563
358564
358565
358566
358567
358568
358569
358570
358571
358572
358573
358574
358575
358576
358577
358578
358579
358580
358581
358582
358583
358584
358585
358586
358587
358588
358589
358590
358591
358592
358593
358594
358595
358596
358597
358598
358599
358600
358601
358602
358603
358604
358605
358606
358607
358608
358609
358610
358611
358612
358613
358614
358615
358616
358617
358618
358619
358620
358621
358622
358623
358624
358625
358626
358627
358628
358629
358630
358631
358632
358633
358634
358635
358636
358637
358638
358639
358640
358641
358642
358643
358644
358645
358646
358647
358648
358649
358650
358651
358652
358653
358654
358655
358656
358657
358658
358659
358660
358661
358662
358663
358664
358665
358666
358667
358668
358669
358670
358671
358672
358673
358674
358675
358676
358677
358678
358679
358680
358681
358682
358683
358684
358685
358686
358687
358688
358689
358690
358691
358692
358693
358694
358695
358696
358697
358698
358699
358700
358701
358702
358703
358704
358705
358706
358707
358708
358709
358710
358711
358712
358713
358714
358715
358716
358717
358718
358719
358720
358721
358722
358723
358724
358725
358726
358727
358728
358729
358730
358731
358732
358733
358734
358735
358736
358737
358738
358739
358740
358741
358742
358743
358744
358745
358746
358747
358748
358749
358750
358751
358752
358753
358754
358755
358756
358757
358758
358759
358760
358761
358762
358763
358764
358765
358766
358767
358768
358769
358770
358771
358772
358773
358774
358775
358776
358777
358778
358779
358780
358781
358782
358783
358784
358785
358786
358787
358788
358789
358790
358791
358792
358793
358794
358795
358796
358797
358798
358799
358800
358801
358802
358803
358804
358805
358806
358807
358808
358809
358810
358811
358812
358813
358814
358815
358816
358817
358818
358819
358820
358821
358822
358823
358824
358825
358826
358827
358828
358829
358830
358831
358832
358833
358834
358835
358836
358837
358838
358839
358840
358841
358842
358843
358844
358845
358846
358847
358848
358849
358850
358851
358852
358853
358854
358855
358856
358857
358858
358859
358860
358861
358862
358863
358864
358865
358866
358867
358868
358869
358870
358871
358872
358873
358874
358875
358876
358877
358878
358879
358880
358881
358882
358883
358884
358885
358886
358887
358888
358889
358890
358891
358892
358893
358894
358895
358896
358897
358898
358899
358900
358901
358902
358903
358904
358905
358906
358907
358908
358909
358910
358911
358912
358913
358914
358915
358916
358917
358918
358919
358920
358921
358922
358923
358924
358925
358926
358927
358928
358929
358930
358931
358932
358933
358934
358935
358936
358937
358938
358939
358940
358941
358942
358943
358944
358945
358946
358947
358948
358949
358950
358951
358952
358953
358954
358955
358956
358957
358958
358959
358960
358961
358962
358963
358964
358965
358966
358967
358968
358969
358970
358971
358972
358973
358974
358975
358976
358977
358978
358979
358980
358981
358982
358983
358984
358985
358986
358987
358988
358989
358990
358991
358992
358993
358994
358995
358996
358997
358998
358999
359000
359001
359002
359003
359004
359005
359006
359007
359008
359009
359010
359011
359012
359013
359014
359015
359016
359017
359018
359019
359020
359021
359022
359023
359024
359025
359026
359027
359028
359029
359030
359031
359032
359033
359034
359035
359036
359037
359038
359039
359040
359041
359042
359043
359044
359045
359046
359047
359048
359049
359050
359051
359052
359053
359054
359055
359056
359057
359058
359059
359060
359061
359062
359063
359064
359065
359066
359067
359068
359069
359070
359071
359072
359073
359074
359075
359076
359077
359078
359079
359080
359081
359082
359083
359084
359085
359086
359087
359088
359089
359090
359091
359092
359093
359094
359095
359096
359097
359098
359099
359100
359101
359102
359103
359104
359105
359106
359107
359108
359109
359110
359111
359112
359113
359114
359115
359116
359117
359118
359119
359120
359121
359122
359123
359124
359125
359126
359127
359128
359129
359130
359131
359132
359133
359134
359135
359136
359137
359138
359139
359140
359141
359142
359143
359144
359145
359146
359147
359148
359149
359150
359151
359152
359153
359154
359155
359156
359157
359158
359159
359160
359161
359162
359163
359164
359165
359166
359167
359168
359169
359170
359171
359172
359173
359174
359175
359176
359177
359178
359179
359180
359181
359182
359183
359184
359185
359186
359187
359188
359189
359190
359191
359192
359193
359194
359195
359196
359197
359198
359199
359200
359201
359202
359203
359204
359205
359206
359207
359208
359209
359210
359211
359212
359213
359214
359215
359216
359217
359218
359219
359220
359221
359222
359223
359224
359225
359226
359227
359228
359229
359230
359231
359232
359233
359234
359235
359236
359237
359238
359239
359240
359241
359242
359243
359244
359245
359246
359247
359248
359249
359250
359251
359252
359253
359254
359255
359256
359257
359258
359259
359260
359261
359262
359263
359264
359265
359266
359267
359268
359269
359270
359271
359272
359273
359274
359275
359276
359277
359278
359279
359280
359281
359282
359283
359284
359285
359286
359287
359288
359289
359290
359291
359292
359293
359294
359295
359296
359297
359298
359299
359300
359301
359302
359303
359304
359305
359306
359307
359308
359309
359310
359311
359312
359313
359314
359315
359316
359317
359318
359319
359320
359321
359322
359323
359324
359325
359326
359327
359328
359329
359330
359331
359332
359333
359334
359335
359336
359337
359338
359339
359340
359341
359342
359343
359344
359345
359346
359347
359348
359349
359350
359351
359352
359353
359354
359355
359356
359357
359358
359359
359360
359361
359362
359363
359364
359365
359366
359367
359368
359369
359370
359371
359372
359373
359374
359375
359376
359377
359378
359379
359380
359381
359382
359383
359384
359385
359386
359387
359388
359389
359390
359391
359392
359393
359394
359395
359396
359397
359398
359399
359400
359401
359402
359403
359404
359405
359406
359407
359408
359409
359410
359411
359412
359413
359414
359415
359416
359417
359418
359419
359420
359421
359422
359423
359424
359425
359426
359427
359428
359429
359430
359431
359432
359433
359434
359435
359436
359437
359438
359439
359440
359441
359442
359443
359444
359445
359446
359447
359448
359449
359450
359451
359452
359453
359454
359455
359456
359457
359458
359459
359460
359461
359462
359463
359464
359465
359466
359467
359468
359469
359470
359471
359472
359473
359474
359475
359476
359477
359478
359479
359480
359481
359482
359483
359484
359485
359486
359487
359488
359489
359490
359491
359492
359493
359494
359495
359496
359497
359498
359499
359500
359501
359502
359503
359504
359505
359506
359507
359508
359509
359510
359511
359512
359513
359514
359515
359516
359517
359518
359519
359520
359521
359522
359523
359524
359525
359526
359527
359528
359529
359530
359531
359532
359533
359534
359535
359536
359537
359538
359539
359540
359541
359542
359543
359544
359545
359546
359547
359548
359549
359550
359551
359552
359553
359554
359555
359556
359557
359558
359559
359560
359561
359562
359563
359564
359565
359566
359567
359568
359569
359570
359571
359572
359573
359574
359575
359576
359577
359578
359579
359580
359581
359582
359583
359584
359585
359586
359587
359588
359589
359590
359591
359592
359593
359594
359595
359596
359597
359598
359599
359600
359601
359602
359603
359604
359605
359606
359607
359608
359609
359610
359611
359612
359613
359614
359615
359616
359617
359618
359619
359620
359621
359622
359623
359624
359625
359626
359627
359628
359629
359630
359631
359632
359633
359634
359635
359636
359637
359638
359639
359640
359641
359642
359643
359644
359645
359646
359647
359648
359649
359650
359651
359652
359653
359654
359655
359656
359657
359658
359659
359660
359661
359662
359663
359664
359665
359666
359667
359668
359669
359670
359671
359672
359673
359674
359675
359676
359677
359678
359679
359680
359681
359682
359683
359684
359685
359686
359687
359688
359689
359690
359691
359692
359693
359694
359695
359696
359697
359698
359699
359700
359701
359702
359703
359704
359705
359706
359707
359708
359709
359710
359711
359712
359713
359714
359715
359716
359717
359718
359719
359720
359721
359722
359723
359724
359725
359726
359727
359728
359729
359730
359731
359732
359733
359734
359735
359736
359737
359738
359739
359740
359741
359742
359743
359744
359745
359746
359747
359748
359749
359750
359751
359752
359753
359754
359755
359756
359757
359758
359759
359760
359761
359762
359763
359764
359765
359766
359767
359768
359769
359770
359771
359772
359773
359774
359775
359776
359777
359778
359779
359780
359781
359782
359783
359784
359785
359786
359787
359788
359789
359790
359791
359792
359793
359794
359795
359796
359797
359798
359799
359800
359801
359802
359803
359804
359805
359806
359807
359808
359809
359810
359811
359812
359813
359814
359815
359816
359817
359818
359819
359820
359821
359822
359823
359824
359825
359826
359827
359828
359829
359830
359831
359832
359833
359834
359835
359836
359837
359838
359839
359840
359841
359842
359843
359844
359845
359846
359847
359848
359849
359850
359851
359852
359853
359854
359855
359856
359857
359858
359859
359860
359861
359862
359863
359864
359865
359866
359867
359868
359869
359870
359871
359872
359873
359874
359875
359876
359877
359878
359879
359880
359881
359882
359883
359884
359885
359886
359887
359888
359889
359890
359891
359892
359893
359894
359895
359896
359897
359898
359899
359900
359901
359902
359903
359904
359905
359906
359907
359908
359909
359910
359911
359912
359913
359914
359915
359916
359917
359918
359919
359920
359921
359922
359923
359924
359925
359926
359927
359928
359929
359930
359931
359932
359933
359934
359935
359936
359937
359938
359939
359940
359941
359942
359943
359944
359945
359946
359947
359948
359949
359950
359951
359952
359953
359954
359955
359956
359957
359958
359959
359960
359961
359962
359963
359964
359965
359966
359967
359968
359969
359970
359971
359972
359973
359974
359975
359976
359977
359978
359979
359980
359981
359982
359983
359984
359985
359986
359987
359988
359989
359990
359991
359992
359993
359994
359995
359996
359997
359998
359999
360000
360001
360002
360003
360004
360005
360006
360007
360008
360009
360010
360011
360012
360013
360014
360015
360016
360017
360018
360019
360020
360021
360022
360023
360024
360025
360026
360027
360028
360029
360030
360031
360032
360033
360034
360035
360036
360037
360038
360039
360040
360041
360042
360043
360044
360045
360046
360047
360048
360049
360050
360051
360052
360053
360054
360055
360056
360057
360058
360059
360060
360061
360062
360063
360064
360065
360066
360067
360068
360069
360070
360071
360072
360073
360074
360075
360076
360077
360078
360079
360080
360081
360082
360083
360084
360085
360086
360087
360088
360089
360090
360091
360092
360093
360094
360095
360096
360097
360098
360099
360100
360101
360102
360103
360104
360105
360106
360107
360108
360109
360110
360111
360112
360113
360114
360115
360116
360117
360118
360119
360120
360121
360122
360123
360124
360125
360126
360127
360128
360129
360130
360131
360132
360133
360134
360135
360136
360137
360138
360139
360140
360141
360142
360143
360144
360145
360146
360147
360148
360149
360150
360151
360152
360153
360154
360155
360156
360157
360158
360159
360160
360161
360162
360163
360164
360165
360166
360167
360168
360169
360170
360171
360172
360173
360174
360175
360176
360177
360178
360179
360180
360181
360182
360183
360184
360185
360186
360187
360188
360189
360190
360191
360192
360193
360194
360195
360196
360197
360198
360199
360200
360201
360202
360203
360204
360205
360206
360207
360208
360209
360210
360211
360212
360213
360214
360215
360216
360217
360218
360219
360220
360221
360222
360223
360224
360225
360226
360227
360228
360229
360230
360231
360232
360233
360234
360235
360236
360237
360238
360239
360240
360241
360242
360243
360244
360245
360246
360247
360248
360249
360250
360251
360252
360253
360254
360255
360256
360257
360258
360259
360260
360261
360262
360263
360264
360265
360266
360267
360268
360269
360270
360271
360272
360273
360274
360275
360276
360277
360278
360279
360280
360281
360282
360283
360284
360285
360286
360287
360288
360289
360290
360291
360292
360293
360294
360295
360296
360297
360298
360299
360300
360301
360302
360303
360304
360305
360306
360307
360308
360309
360310
360311
360312
360313
360314
360315
360316
360317
360318
360319
360320
360321
360322
360323
360324
360325
360326
360327
360328
360329
360330
360331
360332
360333
360334
360335
360336
360337
360338
360339
360340
360341
360342
360343
360344
360345
360346
360347
360348
360349
360350
360351
360352
360353
360354
360355
360356
360357
360358
360359
360360
360361
360362
360363
360364
360365
360366
360367
360368
360369
360370
360371
360372
360373
360374
360375
360376
360377
360378
360379
360380
360381
360382
360383
360384
360385
360386
360387
360388
360389
360390
360391
360392
360393
360394
360395
360396
360397
360398
360399
360400
360401
360402
360403
360404
360405
360406
360407
360408
360409
360410
360411
360412
360413
360414
360415
360416
360417
360418
360419
360420
360421
360422
360423
360424
360425
360426
360427
360428
360429
360430
360431
360432
360433
360434
360435
360436
360437
360438
360439
360440
360441
360442
360443
360444
360445
360446
360447
360448
360449
360450
360451
360452
360453
360454
360455
360456
360457
360458
360459
360460
360461
360462
360463
360464
360465
360466
360467
360468
360469
360470
360471
360472
360473
360474
360475
360476
360477
360478
360479
360480
360481
360482
360483
360484
360485
360486
360487
360488
360489
360490
360491
360492
360493
360494
360495
360496
360497
360498
360499
360500
360501
360502
360503
360504
360505
360506
360507
360508
360509
360510
360511
360512
360513
360514
360515
360516
360517
360518
360519
360520
360521
360522
360523
360524
360525
360526
360527
360528
360529
360530
360531
360532
360533
360534
360535
360536
360537
360538
360539
360540
360541
360542
360543
360544
360545
360546
360547
360548
360549
360550
360551
360552
360553
360554
360555
360556
360557
360558
360559
360560
360561
360562
360563
360564
360565
360566
360567
360568
360569
360570
360571
360572
360573
360574
360575
360576
360577
360578
360579
360580
360581
360582
360583
360584
360585
360586
360587
360588
360589
360590
360591
360592
360593
360594
360595
360596
360597
360598
360599
360600
360601
360602
360603
360604
360605
360606
360607
360608
360609
360610
360611
360612
360613
360614
360615
360616
360617
360618
360619
360620
360621
360622
360623
360624
360625
360626
360627
360628
360629
360630
360631
360632
360633
360634
360635
360636
360637
360638
360639
360640
360641
360642
360643
360644
360645
360646
360647
360648
360649
360650
360651
360652
360653
360654
360655
360656
360657
360658
360659
360660
360661
360662
360663
360664
360665
360666
360667
360668
360669
360670
360671
360672
360673
360674
360675
360676
360677
360678
360679
360680
360681
360682
360683
360684
360685
360686
360687
360688
360689
360690
360691
360692
360693
360694
360695
360696
360697
360698
360699
360700
360701
360702
360703
360704
360705
360706
360707
360708
360709
360710
360711
360712
360713
360714
360715
360716
360717
360718
360719
360720
360721
360722
360723
360724
360725
360726
360727
360728
360729
360730
360731
360732
360733
360734
360735
360736
360737
360738
360739
360740
360741
360742
360743
360744
360745
360746
360747
360748
360749
360750
360751
360752
360753
360754
360755
360756
360757
360758
360759
360760
360761
360762
360763
360764
360765
360766
360767
360768
360769
360770
360771
360772
360773
360774
360775
360776
360777
360778
360779
360780
360781
360782
360783
360784
360785
360786
360787
360788
360789
360790
360791
360792
360793
360794
360795
360796
360797
360798
360799
360800
360801
360802
360803
360804
360805
360806
360807
360808
360809
360810
360811
360812
360813
360814
360815
360816
360817
360818
360819
360820
360821
360822
360823
360824
360825
360826
360827
360828
360829
360830
360831
360832
360833
360834
360835
360836
360837
360838
360839
360840
360841
360842
360843
360844
360845
360846
360847
360848
360849
360850
360851
360852
360853
360854
360855
360856
360857
360858
360859
360860
360861
360862
360863
360864
360865
360866
360867
360868
360869
360870
360871
360872
360873
360874
360875
360876
360877
360878
360879
360880
360881
360882
360883
360884
360885
360886
360887
360888
360889
360890
360891
360892
360893
360894
360895
360896
360897
360898
360899
360900
360901
360902
360903
360904
360905
360906
360907
360908
360909
360910
360911
360912
360913
360914
360915
360916
360917
360918
360919
360920
360921
360922
360923
360924
360925
360926
360927
360928
360929
360930
360931
360932
360933
360934
360935
360936
360937
360938
360939
360940
360941
360942
360943
360944
360945
360946
360947
360948
360949
360950
360951
360952
360953
360954
360955
360956
360957
360958
360959
360960
360961
360962
360963
360964
360965
360966
360967
360968
360969
360970
360971
360972
360973
360974
360975
360976
360977
360978
360979
360980
360981
360982
360983
360984
360985
360986
360987
360988
360989
360990
360991
360992
360993
360994
360995
360996
360997
360998
360999
361000
361001
361002
361003
361004
361005
361006
361007
361008
361009
361010
361011
361012
361013
361014
361015
361016
361017
361018
361019
361020
361021
361022
361023
361024
361025
361026
361027
361028
361029
361030
361031
361032
361033
361034
361035
361036
361037
361038
361039
361040
361041
361042
361043
361044
361045
361046
361047
361048
361049
361050
361051
361052
361053
361054
361055
361056
361057
361058
361059
361060
361061
361062
361063
361064
361065
361066
361067
361068
361069
361070
361071
361072
361073
361074
361075
361076
361077
361078
361079
361080
361081
361082
361083
361084
361085
361086
361087
361088
361089
361090
361091
361092
361093
361094
361095
361096
361097
361098
361099
361100
361101
361102
361103
361104
361105
361106
361107
361108
361109
361110
361111
361112
361113
361114
361115
361116
361117
361118
361119
361120
361121
361122
361123
361124
361125
361126
361127
361128
361129
361130
361131
361132
361133
361134
361135
361136
361137
361138
361139
361140
361141
361142
361143
361144
361145
361146
361147
361148
361149
361150
361151
361152
361153
361154
361155
361156
361157
361158
361159
361160
361161
361162
361163
361164
361165
361166
361167
361168
361169
361170
361171
361172
361173
361174
361175
361176
361177
361178
361179
361180
361181
361182
361183
361184
361185
361186
361187
361188
361189
361190
361191
361192
361193
361194
361195
361196
361197
361198
361199
361200
361201
361202
361203
361204
361205
361206
361207
361208
361209
361210
361211
361212
361213
361214
361215
361216
361217
361218
361219
361220
361221
361222
361223
361224
361225
361226
361227
361228
361229
361230
361231
361232
361233
361234
361235
361236
361237
361238
361239
361240
361241
361242
361243
361244
361245
361246
361247
361248
361249
361250
361251
361252
361253
361254
361255
361256
361257
361258
361259
361260
361261
361262
361263
361264
361265
361266
361267
361268
361269
361270
361271
361272
361273
361274
361275
361276
361277
361278
361279
361280
361281
361282
361283
361284
361285
361286
361287
361288
361289
361290
361291
361292
361293
361294
361295
361296
361297
361298
361299
361300
361301
361302
361303
361304
361305
361306
361307
361308
361309
361310
361311
361312
361313
361314
361315
361316
361317
361318
361319
361320
361321
361322
361323
361324
361325
361326
361327
361328
361329
361330
361331
361332
361333
361334
361335
361336
361337
361338
361339
361340
361341
361342
361343
361344
361345
361346
361347
361348
361349
361350
361351
361352
361353
361354
361355
361356
361357
361358
361359
361360
361361
361362
361363
361364
361365
361366
361367
361368
361369
361370
361371
361372
361373
361374
361375
361376
361377
361378
361379
361380
361381
361382
361383
361384
361385
361386
361387
361388
361389
361390
361391
361392
361393
361394
361395
361396
361397
361398
361399
361400
361401
361402
361403
361404
361405
361406
361407
361408
361409
361410
361411
361412
361413
361414
361415
361416
361417
361418
361419
361420
361421
361422
361423
361424
361425
361426
361427
361428
361429
