2.61906 , -0.972791
2.56909 , -0.983176
2.66903 , -0.965066
2.51913 , -0.995204
2.719 , -0.960756
2.46917 , -1.0077
2.76898 , -0.960284
2.41923 , -1.01944
2.81897 , -0.963698
2.36929 , -1.02928
2.86896 , -0.970663
2.31936 , -1.03626
2.91896 , -0.980501
2.26943 , -1.0397
2.96896 , -0.992247
2.21952 , -1.03927
3.01896 , -1.00475
2.1696 , -1.035
3.06896 , -1.01679
2.11969 , -1.02733
3.11896 , -1.02719
2.06979 , -1.01698
3.16895 , -1.03492
2.01989 , -1.00498
3.21895 , -1.03924
1.96998 , -0.992501
3.26893 , -1.03972
1.92008 , -0.980748
3.31892 , -1.03631
1.87018 , -0.970872
3.3689 , -1.02935
1.82027 , -0.963836
3.41887 , -1.01952
1.77036 , -0.960327
3.46883 , -1.00778
1.72045 , -0.960687
3.51878 , -0.99529
1.67053 , -0.964884
3.56873 , -0.983258
1.62061 , -0.972507
3.61867 , -0.972862
1.57067 , -0.982816
3.6686 , -0.965118
1.52073 , -0.994804
3.71853 , -0.960779
1.47079 , -1.0073
3.76845 , -0.960268
1.42083 , -1.01909
3.81836 , -0.963634
1.37087 , -1.02901
3.86827 , -0.970546
1.3209 , -1.0361
3.91818 , -0.98033
1.27092 , -1.03965
3.96808 , -0.992032
1.22094 , -1.03933
4 , -0.982015
1.17095 , -1.03517
4 , -0.932015
1.12096 , -1.02756
4 , -0.882015
1.07096 , -1.01725
4 , -0.832015
1.02096 , -1.00525
4 , -0.782015
0.970961 , -0.992742
4 , -0.732015
0.920961 , -0.980942
4 , -0.682015
0.870963 , -0.971007
4 , -0.632015
0.820967 , -0.963911
4 , -0.582015
0.770974 , -0.960347
4 , -0.532015
0.720986 , -0.960663
4 , -0.482015
0.671004 , -0.964827
4 , -0.432015
0.621028 , -0.97243
4 , -0.382015
0.571059 , -0.982728
4 , -0.332015
0.521098 , -0.994713
4 , -0.282015
0.471144 , -1.00721
4 , -0.232015
0.421197 , -1.01901
4 , -0.182015
0.371259 , -1.02894
4 , -0.132015
0.321327 , -1.03605
4 , -0.0820154
0.271403 , -1.03964
4 , -0.0320154
0.221484 , -1.03936
4 , 0.0179846
0.171571 , -1.03524
4 , 0.0679846
0.121663 , -1.02769
4 , 0.117985
0.0717577 , -1.01743
4 , 0.167985
0.0218548 , -1.00548
4 , 0.217985
4 , 0.267985
4 , 0.317985
4 , 0.367985
4 , 0.417985
4 , 0.467985
4 , 0.517985
4 , 0.567985
4 , 0.617985
4 , 0.667985
4 , 0.717985
4 , 0.767985
4 , 0.817985
4 , 0.867985
4 , 0.917985
4 , 0.967985
3.98202 , 0.99549
3.93211 , 0.983451
3.88221 , 0.973026
3.83231 , 0.965231
3.7824 , 0.960826
3.73249 , 0.960242
3.68257 , 0.963537
3.63264 , 0.970391
3.58271 , 0.980135
3.53277 , 0.991821
3.48283 , 1.00431
3.43288 , 1.01637
3.38291 , 1.02684
3.33295 , 1.03469
3.28297 , 1.03914
3.23299 , 1.03977
3.183 , 1.03651
3.13301 , 1.02967
3.08301 , 1.01993
3.03302 , 1.00824
2.98302 , 0.995739
2.93302 , 0.983658
2.88302 , 0.973176
2.83302 , 0.96532
2.78303 , 0.960858
2.73304 , 0.960227
2.68305 , 0.963487
2.63308 , 0.970317
2.58311 , 0.98005
2.53314 , 0.991731
2.48319 , 1.00422
2.43324 , 1.01629
2.3833 , 1.02677
2.33336 , 1.03464
2.28344 , 1.03912
2.23352 , 1.03979
2.1836 , 1.03657
2.13369 , 1.02979
2.08379 , 1.0201
2.03389 , 1.00845
1.98398 , 0.995982
1.93408 , 0.983903
1.88418 , 0.973393
1.83427 , 0.965478
1.78437 , 0.960929
1.73445 , 0.960191
1.68454 , 0.963336
1.63461 , 0.97006
1.58468 , 0.979707
1.53474 , 0.991337
1.4848 , 1.00381
1.43485 , 1.01592
1.38489 , 1.02647
1.33492 , 1.03444
1.28494 , 1.03904
1.23496 , 1.03982
1.18497 , 1.03671
1.13498 , 1.03
1.08499 , 1.02036
1.03499 , 1.00872
0.984988 , 0.996233
0.934988 , 0.984111
0.884989 , 0.973545
0.834992 , 0.965569
0.784999 , 0.960963
0.735009 , 0.960177
0.685026 , 0.963287
0.635048 , 0.969988
0.585077 , 0.979622
0.535113 , 0.991247
0.485157 , 1.00373
0.435209 , 1.01584
0.385268 , 1.0264
0.335334 , 1.03439
0.285408 , 1.03901
0.235488 , 1.03983
0.185573 , 1.03677
0.135664 , 1.03011
0.0857578 , 1.02053
0.0358544 , 1.00894
0 , 0.985953
0 , 0.935953
0 , 0.885953
0 , 0.835953
0 , 0.785953
0 , 0.735953
0 , 0.685953
0 , 0.635953
0 , 0.585953
0 , 0.535953
0 , 0.485953
0 , 0.435953
0 , 0.385953
0 , 0.335953
0 , 0.285953
0 , 0.235953
0 , 0.185953
0 , 0.135953
0 , 0.0859525
0 , 0.0359525
0 , -0.0140475
0 , -0.0640475
0 , -0.114047
0 , -0.164047
0 , -0.214047
0 , -0.264047
0 , -0.314047
0 , -0.364047
0 , -0.414047
0 , -0.464047
0 , -0.514047
0 , -0.564047
0 , -0.614047
0 , -0.664047
0 , -0.714047
0 , -0.764047
0 , -0.814047
0 , -0.864047
0 , -0.914047
2.61959 , -0.922978
2.56103 , -0.939188
2.50063 , -0.95175
2.73381 , -0.913547
2.44343 , -0.965625
2.7932 , -0.911112
2.36167 , -0.985515
2.89554 , -0.925882
2.3 , -0.988901
2.94934 , -0.939819
2.23929 , -0.99092
3.04372 , -0.964486
2.18082 , -0.989553
2.12299 , -0.982354
3.1534 , -0.98241
2.06596 , -0.968967
2.01216 , -0.954276
3.22253 , -0.994835
3.28287 , -0.987223
1.93796 , -0.936888
1.87635 , -0.920116
3.38138 , -0.979983
1.82239 , -0.912704
1.76019 , -0.91125
3.47787 , -0.956647
1.70081 , -0.913374
1.64274 , -0.917916
3.57794 , -0.93607
1.58659 , -0.928041
3.62768 , -0.92379
1.53413 , -0.941052
3.68292 , -0.91041
1.48086 , -0.955131
3.78043 , -0.912046
1.43001 , -0.969208
3.83998 , -0.917543
1.37568 , -0.97665
3.89989 , -0.922928
1.31565 , -0.988762
3.95344 , -0.932743
1.2535 , -0.989134
1.1878 , -0.988851
1.12703 , -0.983196
3.94748 , -0.873244
1.06867 , -0.968542
1.01095 , -0.954945
3.94887 , -0.74772
0.953621 , -0.937166
3.95538 , -0.683457
0.895314 , -0.927577
3.94988 , -0.620448
0.836277 , -0.921264
0.776716 , -0.916212
3.9531 , -0.539283
0.716245 , -0.914215
3.95298 , -0.476155
0.656385 , -0.923582
3.94622 , -0.413826
0.597191 , -0.930043
3.95387 , -0.360169
0.53987 , -0.941631
3.95062 , -0.255495
0.473302 , -0.95936
0.415262 , -0.97386
3.9485 , -0.189644
0.35692 , -0.986536
3.95025 , -0.120241
0.298089 , -0.99077
3.95099 , -0.0413294
0.229241 , -0.991103
3.95516 , 0.0222805
0.165122 , -0.984733
3.95057 , 0.138135
0.102054 , -0.974442
0.0409801 , -0.961073
3.9502 , 0.245304
3.95608 , 0.301839
3.95704 , 0.359572
3.95574 , 0.417253
3.95133 , 0.474787
3.95218 , 0.531469
3.95337 , 0.58724
3.95493 , 0.677026
3.95422 , 0.787129
3.94275 , 0.884255
3.88942 , 0.919057
3.82659 , 0.914391
3.70358 , 0.909524
3.61618 , 0.92397
3.5047 , 0.95037
3.44718 , 0.958062
3.37559 , 0.980021
3.31109 , 0.988487
3.23658 , 0.992617
3.11033 , 0.977476
3.04102 , 0.964086
2.9802 , 0.944691
2.88463 , 0.926243
2.83261 , 0.913456
2.76941 , 0.910922
2.70649 , 0.91134
2.63786 , 0.915708
2.55811 , 0.939467
2.50404 , 0.949958
2.4483 , 0.962139
2.37376 , 0.980547
2.30968 , 0.989419
2.21149 , 0.989713
2.14355 , 0.9852
2.08334 , 0.969458
2.03172 , 0.958893
1.97474 , 0.93976
1.92744 , 0.934327
1.87466 , 0.923705
1.82318 , 0.913785
1.76334 , 0.907653
1.66064 , 0.918556
1.60902 , 0.923983
1.55472 , 0.939136
1.46593 , 0.960627
1.36567 , 0.979523
1.27687 , 0.994255
1.21891 , 0.989742
1.13265 , 0.985068
1.07801 , 0.971612
1.02445 , 0.95797
0.957982 , 0.936217
0.87125 , 0.925632
0.818418 , 0.914282
0.762551 , 0.905641
0.665168 , 0.916979
0.609787 , 0.928501
0.513369 , 0.945565
0.450478 , 0.965912
0.372445 , 0.983634
0.313655 , 0.98645
0.259517 , 0.989864
0.178024 , 0.989892
0.122934 , 0.971522
0.0594292 , 0.959096
0.0493214 , 0.889702
0.0496349 , 0.824147
0.0515505 , 0.760421
0.0462669 , 0.679898
0.0451207 , 0.576661
0.0517157 , 0.519029
0.0512887 , 0.457632
0.0478296 , 0.386784
0.0485478 , 0.325628
0.0476122 , 0.271524
0.047967 , 0.215219
0.0535983 , 0.162102
0.0448541 , 0.0745915
0.0500375 , 0.0160809
0.0433906 , -0.081352
0.0472655 , -0.133076
0.0455652 , -0.186608
0.04709 , -0.267091
0.0482265 , -0.328458
0.0516163 , -0.421666
0.0461502 , -0.488475
0.0471771 , -0.557495
0.0503146 , -0.619093
0.0472017 , -0.677809
0.0509455 , -0.735912
0.0540005 , -0.824377
0.0472089 , -0.900862
2.67514 , -0.909861
2.628 , -0.87375
2.56979 , -0.886804
2.51049 , -0.903852
2.76125 , -0.873538
2.70241 , -0.863781
2.39496 , -0.946109
2.44918 , -0.91535
2.84278 , -0.902853
2.33391 , -0.939144
2.94374 , -0.892597
2.27382 , -0.943783
2.99606 , -0.932553
2.21494 , -0.941564
3.09728 , -0.959057
3.05676 , -0.908181
2.15833 , -0.937592
2.10531 , -0.928625
3.18331 , -0.948414
2.0513 , -0.912078
1.99268 , -0.915397
3.24537 , -0.941733
3.3271 , -0.977473
1.94771 , -0.883378
1.89771 , -0.874631
3.42003 , -0.953631
3.36034 , -0.929957
1.83787 , -0.865888
1.77591 , -0.861567
3.5304 , -0.932782
3.47144 , -0.915242
1.71849 , -0.863899
1.65597 , -0.870701
3.57015 , -0.88361
1.59337 , -0.878477
3.63276 , -0.876288
1.53253 , -0.894729
3.73016 , -0.900381
1.47733 , -0.90645
3.81213 , -0.864383
1.41389 , -0.921151
3.87362 , -0.874068
1.35145 , -0.935072
1.2916 , -0.941023
1.23146 , -0.947059
1.17119 , -0.94242
1.11279 , -0.929975
3.94423 , -0.810488
1.05031 , -0.917191
3.90042 , -0.766582
0.988932 , -0.905569
3.89872 , -0.649442
0.926535 , -0.884834
3.92192 , -0.582246
0.868393 , -0.874742
0.810226 , -0.868164
0.751224 , -0.867998
3.90199 , -0.512598
0.677119 , -0.876043
3.90632 , -0.444322
0.61688 , -0.880622
3.93755 , -0.308682
3.902 , -0.368586
0.557084 , -0.886989
0.500216 , -0.909453
3.91062 , -0.243219
0.439807 , -0.919608
0.381579 , -0.932503
3.91697 , -0.153562
0.32472 , -0.939638
3.91322 , -0.0879695
0.267978 , -0.944737
3.91054 , -0.0226412
0.206197 , -0.946283
3.9487 , 0.0823589
3.90545 , 0.0404106
0.146921 , -0.933561
3.90454 , 0.160054
3.94747 , 0.195651
3.91293 , 0.272729
3.90883 , 0.327219
3.90864 , 0.383884
3.90529 , 0.44106
3.90526 , 0.498739
3.90754 , 0.559917
3.92352 , 0.625625
3.94011 , 0.731051
3.90268 , 0.682678
3.92612 , 0.837674
3.90704 , 0.781045
3.94618 , 0.939249
3.87208 , 0.869282
3.76583 , 0.903045
3.81403 , 0.862491
3.66667 , 0.887234
3.55668 , 0.925795
3.5948 , 0.877919
3.47516 , 0.9011
3.41222 , 0.936633
3.33952 , 0.940761
3.28214 , 0.945416
3.18118 , 0.96985
3.12007 , 0.938184
3.02417 , 0.910226
2.92959 , 0.91864
2.8785 , 0.869824
2.81307 , 0.868059
2.75024 , 0.866157
2.67954 , 0.874442
2.59564 , 0.899678
2.5308 , 0.896839
2.47287 , 0.91219
2.40866 , 0.944048
2.3285 , 0.944065
2.26277 , 0.973584
2.18894 , 0.950579
2.12753 , 0.925102
2.02284 , 0.910681
1.92216 , 0.886002
1.86513 , 0.868067
1.79945 , 0.869887
1.71055 , 0.915524
1.64393 , 0.873023
1.57363 , 0.888855
1.51295 , 0.917843
1.41194 , 0.949238
1.45775 , 0.90853
1.32196 , 0.966529
1.25693 , 0.945308
1.17858 , 0.964852
1.11725 , 0.931981
1.06259 , 0.917508
1.00736 , 0.912951
0.920772 , 0.907821
0.866272 , 0.876606
0.806904 , 0.863817
0.720589 , 0.891958
0.668407 , 0.868387
0.560018 , 0.913212
0.613351 , 0.884422
0.467992 , 0.919959
0.406986 , 0.936666
0.342796 , 0.935219
0.224168 , 0.964213
0.280081 , 0.937948
0.171492 , 0.932065
0.100177 , 0.929157
0.098418 , 0.86463
0.100356 , 0.800718
0.0812022 , 0.732151
0.0667294 , 0.62404
0.0961466 , 0.566138
0.0972503 , 0.502219
0.0878135 , 0.435705
0.0975676 , 0.361798
0.0903242 , 0.248291
0.101935 , 0.196838
0.0687846 , 0.120817
0.0916946 , 0.0505935
0.0647331 , -0.0379037
0.0932705 , -0.101627
0.0919317 , -0.159785
0.0825535 , -0.221025
0.0970332 , -0.28245
0.071734 , -0.38135
0.0945243 , -0.445471
0.0876212 , -0.513148
0.097479 , -0.577644
0.0928105 , -0.640312
0.0932433 , -0.697406
0.0668554 , -0.777826
0.0858971 , -0.857671
0.0898656 , -0.92059
2.65076 , -0.833717
2.58896 , -0.82819
2.52778 , -0.844957
2.46541 , -0.864237
2.8094 , -0.849541
2.75209 , -0.827719
2.3914 , -0.894069
2.88984 , -0.867622
2.34174 , -0.887472
2.94197 , -0.84568
2.29079 , -0.896091
3.00178 , -0.880189
2.23469 , -0.896217
3.12809 , -0.91962
3.09329 , -0.879303
2.17378 , -0.891176
2.11124 , -0.88351
3.19878 , -0.904794
2.06864 , -0.864979
2.00674 , -0.863596
3.29649 , -0.922694
1.94862 , -0.8395
1.88768 , -0.82777
3.41457 , -0.896493
3.35492 , -0.888817
1.82692 , -0.818907
1.76662 , -0.813459
3.51351 , -0.870247
1.70122 , -0.817608
1.64035 , -0.830346
3.5842 , -0.842069
1.58406 , -0.83258
3.68966 , -0.853565
1.51827 , -0.851544
3.7511 , -0.858215
1.4501 , -0.86743
3.82726 , -0.8253
1.38665 , -0.880303
3.89385 , -0.834557
1.32549 , -0.889116
1.26327 , -0.896543
1.20149 , -0.897349
1.14068 , -0.890418
1.08078 , -0.879603
3.85862 , -0.765922
3.89873 , -0.710311
1.02068 , -0.863004
3.86014 , -0.659516
0.960208 , -0.850473
3.87389 , -0.574067
0.901183 , -0.830662
0.83902 , -0.823286
0.77653 , -0.814428
0.71537 , -0.831188
3.85807 , -0.489695
0.65199 , -0.833301
3.86525 , -0.424012
0.591084 , -0.837709
3.88704 , -0.304023
3.85609 , -0.360381
0.527743 , -0.853794
0.467486 , -0.87128
3.8784 , -0.204507
0.40457 , -0.878471
3.87208 , -0.137986
0.344293 , -0.886104
3.86865 , -0.0684122
0.246881 , -0.904086
3.86264 , -0.00123104
3.90235 , 0.100728
3.85712 , 0.0596361
0.186799 , -0.896336
3.86317 , 0.178078
3.86435 , 0.287182
3.88329 , 0.230398
3.86299 , 0.345177
3.8598 , 0.463798
3.86007 , 0.40439
3.86786 , 0.524967
3.87461 , 0.597771
3.87546 , 0.730061
3.85133 , 0.670274
3.86299 , 0.805843
3.74467 , 0.861704
3.79891 , 0.823462
3.63637 , 0.840436
3.5279 , 0.888647
3.56793 , 0.840851
3.42971 , 0.88609
3.37575 , 0.898677
3.32241 , 0.891342
3.239 , 0.929949
3.17862 , 0.918929
3.07736 , 0.910472
3.1376 , 0.882463
2.98136 , 0.883462
3.03372 , 0.855365
2.94054 , 0.85554
2.85837 , 0.82815
2.79299 , 0.821799
2.7202 , 0.826297
2.63487 , 0.849256
2.56479 , 0.857669
2.48753 , 0.86373
2.42993 , 0.882771
2.37554 , 0.899762
2.29087 , 0.919203
2.17669 , 0.902028
2.23415 , 0.9165
2.07574 , 0.908002
1.98164 , 0.879813
2.03999 , 0.857039
1.9146 , 0.82993
1.83953 , 0.834899
1.75659 , 0.84853
1.7062 , 0.864842
1.60237 , 0.843271
1.66373 , 0.82311
1.53229 , 0.861001
1.37331 , 0.917147
1.4214 , 0.876268
1.31186 , 0.918306
1.20885 , 0.916523
1.09615 , 0.881492
1.15505 , 0.899604
1.03603 , 0.866248
0.972438 , 0.871877
0.916921 , 0.847225
0.858912 , 0.827312
0.757638 , 0.844912
0.639167 , 0.830707
0.699566 , 0.82593
0.515787 , 0.880995
0.571658 , 0.850904
0.447051 , 0.879637
0.384367 , 0.897428
0.310249 , 0.89739
0.229329 , 0.905549
0.15373 , 0.895342
0.149093 , 0.842947
0.129663 , 0.772438
0.102456 , 0.675499
0.122498 , 0.619553
0.145491 , 0.544714
0.137514 , 0.477215
0.128824 , 0.408705
0.14221 , 0.340806
0.142369 , 0.241352
0.103964 , 0.299718
0.119268 , 0.160917
0.120436 , 0.101538
0.109379 , -0.00430291
0.144414 , 0.0519933
0.139196 , -0.123418
0.127426 , -0.0631693
0.133433 , -0.185084
0.13846 , -0.245451
0.108017 , -0.329899
0.127957 , -0.386768
0.134327 , -0.468202
0.130778 , -0.532764
0.138216 , -0.614841
0.121009 , -0.742093
0.142013 , -0.673362
0.123197 , -0.806863
0.130455 , -0.873289
2.69562 , -0.803984
2.63412 , -0.784314
2.57223 , -0.788522
2.50906 , -0.809704
2.45003 , -0.821368
2.85807 , -0.834381
2.81111 , -0.79012
2.75115 , -0.777079
2.39096 , -0.846306
2.32698 , -0.837268
2.9885 , -0.825677
2.92791 , -0.802719
3.04603 , -0.843078
2.25828 , -0.845878
3.15232 , -0.86882
3.10473 , -0.833183
2.19185 , -0.84661
2.12707 , -0.835003
3.24472 , -0.882436
2.05174 , -0.820494
3.29783 , -0.866796
1.99251 , -0.80472
1.93407 , -0.785729
1.87322 , -0.777717
3.44972 , -0.859623
3.39259 , -0.84057
1.81285 , -0.766124
1.74851 , -0.767625
3.48867 , -0.822516
1.68967 , -0.768391
1.63378 , -0.781067
3.63963 , -0.823939
3.5956 , -0.787837
1.57436 , -0.786193
3.71061 , -0.814428
1.47421 , -0.816797
3.76803 , -0.807364
1.41738 , -0.823413
3.79654 , -0.765766
1.35677 , -0.835364
1.29983 , -0.849802
1.24113 , -0.852312
1.18434 , -0.853868
1.1313 , -0.834407
1.07669 , -0.837193
3.83647 , -0.716618
1.01985 , -0.816916
3.82119 , -0.621221
0.962166 , -0.804129
3.83024 , -0.549465
0.896871 , -0.790048
0.831159 , -0.780297
0.74977 , -0.778353
0.687653 , -0.784744
3.81434 , -0.470592
0.625538 , -0.787918
3.81651 , -0.403038
0.562381 , -0.80321
3.85482 , -0.266095
3.82441 , -0.321316
0.501664 , -0.814713
0.442277 , -0.831433
3.82389 , -0.22357
0.378069 , -0.836211
3.82664 , -0.104449
3.83055 , -0.165073
0.298743 , -0.875931
3.82249 , -0.0431312
0.236316 , -0.85446
3.81196 , 0.0189835
3.85974 , 0.120362
3.8125 , 0.0839913
0.1749 , -0.841482
3.82389 , 0.211107
3.81792 , 0.301737
3.81715 , 0.366746
3.81499 , 0.43119
3.81953 , 0.495964
3.82925 , 0.557639
3.83702 , 0.623069
3.83389 , 0.757798
3.81051 , 0.702768
3.69612 , 0.834844
3.74644 , 0.802913
3.61296 , 0.798306
3.50566 , 0.842108
3.54834 , 0.797001
3.39158 , 0.846806
3.45498 , 0.840745
3.27923 , 0.880142
3.32801 , 0.838884
3.22078 , 0.880765
3.08536 , 0.860392
3.13197 , 0.831785
3.00162 , 0.820648
2.92218 , 0.816018
2.83682 , 0.785286
2.75336 , 0.789271
2.68221 , 0.802953
2.59773 , 0.815281
2.52439 , 0.826979
2.46101 , 0.827363
2.39856 , 0.837753
2.33502 , 0.876721
2.27453 , 0.869359
2.15143 , 0.856402
2.21416 , 0.856822
2.10283 , 0.862069
1.9711 , 0.835166
2.02377 , 0.810886
1.89047 , 0.794644
1.79405 , 0.802675
1.72411 , 0.804417
1.56685 , 0.81069
1.6225 , 0.785714
1.47969 , 0.851535
1.35765 , 0.875293
1.40355 , 0.834951
1.25982 , 0.887621
1.20495 , 0.863467
1.08942 , 0.839404
1.15159 , 0.844461
1.00599 , 0.823836
0.937586 , 0.807012
0.870714 , 0.780085
0.805129 , 0.803213
0.749053 , 0.799034
0.598802 , 0.800035
0.65503 , 0.781062
0.494239 , 0.837099
0.401244 , 0.847452
0.275208 , 0.86075
0.339585 , 0.854924
0.210271 , 0.865639
0.18153 , 0.808605
0.142734 , 0.720943
0.158412 , 0.66699
0.166654 , 0.604164
0.185871 , 0.515527
0.183308 , 0.453958
0.173262 , 0.393096
0.166049 , 0.294353
0.170105 , 0.199282
0.165754 , 0.136941
0.160291 , -0.0125155
0.189288 , 0.0391663
0.178543 , -0.14293
0.183096 , -0.0800207
0.183574 , -0.204388
0.158869 , -0.295251
0.174128 , -0.382965
0.175848 , -0.499625
0.173121 , -0.436666
0.168636 , -0.565916
0.184458 , -0.632389
0.173247 , -0.764755
0.174026 , -0.705161
2.69171 , -0.760431
2.64321 , -0.732067
2.53957 , -0.754399
2.48531 , -0.758559
2.43327 , -0.774326
2.87139 , -0.785183
2.80099 , -0.740438
2.74282 , -0.729644
2.38358 , -0.794433
2.30541 , -0.800154
3.02849 , -0.78772
2.9742 , -0.768012
2.91857 , -0.747025
2.23993 , -0.802006
3.19546 , -0.845238
3.14566 , -0.805561
3.08537 , -0.784738
2.17795 , -0.793311
2.11423 , -0.788681
3.2527 , -0.823534
2.05173 , -0.77907
3.33398 , -0.833654
1.99218 , -0.759862
1.93266 , -0.743608
1.87251 , -0.732329
3.43811 , -0.800453
3.37248 , -0.789016
1.80725 , -0.721909
1.74287 , -0.720029
3.54124 , -0.805755
3.49161 , -0.768092
1.67935 , -0.719329
1.62075 , -0.732581
3.66781 , -0.787201
3.62274 , -0.749295
3.56428 , -0.742329
1.56051 , -0.739312
3.72829 , -0.759879
1.52398 , -0.788763
1.46574 , -0.76975
1.40886 , -0.772086
1.36009 , -0.785936
1.30252 , -0.802237
1.2431 , -0.804962
1.18349 , -0.805233
1.12859 , -0.784099
1.07113 , -0.786727
3.80015 , -0.681551
1.01763 , -0.764303
3.78045 , -0.594919
0.955565 , -0.758739
3.78333 , -0.528424
0.91525 , -0.734227
0.862528 , -0.737087
0.79979 , -0.740527
0.737541 , -0.735057
0.67748 , -0.741397
3.76906 , -0.444767
0.620832 , -0.739704
3.78214 , -0.367037
0.575099 , -0.753592
3.79889 , -0.276344
0.522495 , -0.758519
0.466522 , -0.773437
0.414749 , -0.796016
3.78451 , -0.204297
0.325348 , -0.823036
3.78306 , -0.0894742
3.77217 , -0.029253
0.262722 , -0.821634
3.77022 , 0.0395011
3.81352 , 0.149548
3.77131 , 0.114974
3.79536 , 0.246559
3.76994 , 0.179195
3.77476 , 0.33068
3.77077 , 0.392846
3.77168 , 0.456724
3.77918 , 0.519713
3.78605 , 0.58262
3.78606 , 0.644835
3.78155 , 0.76093
3.75945 , 0.705866
3.67621 , 0.790348
3.71635 , 0.75517
3.58941 , 0.752888
3.48843 , 0.786772
3.53007 , 0.738745
3.36608 , 0.806062
3.42626 , 0.797756
3.24812 , 0.830699
3.29301 , 0.800472
3.18981 , 0.850145
3.06724 , 0.806495
3.11989 , 0.786465
2.96662 , 0.786236
3.0255 , 0.763918
2.89314 , 0.774358
2.79093 , 0.754255
2.84791 , 0.733973
2.72686 , 0.753314
2.63385 , 0.775518
2.55598 , 0.784396
2.49654 , 0.779616
2.43094 , 0.780263
2.35346 , 0.827289
2.26854 , 0.825102
2.15149 , 0.810773
2.08417 , 0.807247
1.9557 , 0.782224
2.02002 , 0.770128
1.84026 , 0.770221
1.90055 , 0.747576
1.76174 , 0.764987
1.68154 , 0.770284
1.51802 , 0.80135
1.56422 , 0.757923
1.62519 , 0.741084
1.45545 , 0.803544
1.30377 , 0.860962
1.3449 , 0.820371
1.38941 , 0.783175
1.23283 , 0.828642
1.06439 , 0.796494
1.12645 , 0.797242
1.01886 , 0.773031
0.958992 , 0.768347
0.894893 , 0.747459
0.816613 , 0.746813
0.706316 , 0.76768
0.759806 , 0.744332
0.540365 , 0.796081
0.587041 , 0.754717
0.645973 , 0.734151
0.448876 , 0.813151
0.372557 , 0.807007
0.244318 , 0.817627
0.306345 , 0.803519
0.185937 , 0.761102
0.203026 , 0.707497
0.202794 , 0.645719
0.205732 , 0.573293
0.234029 , 0.498666
0.225451 , 0.42523
0.201236 , 0.345143
0.20183 , 0.252449
0.20762 , 0.165008
0.193437 , 0.0969996
0.209647 , -0.0237285
0.233248 , 0.0318579
0.224766 , -0.163526
0.227492 , -0.105755
0.198964 , -0.252436
0.189144 , -0.327432
0.225431 , -0.40207
0.21507 , -0.524227
0.226202 , -0.46294
0.217047 , -0.583315
0.221129 , -0.665895
0.203886 , -0.797516
0.228253 , -0.72876
2.69276 , -0.703188
2.64031 , -0.681195
2.59498 , -0.725823
2.53617 , -0.704125
2.47375 , -0.710012
2.41311 , -0.728221
2.86267 , -0.733931
2.81258 , -0.698011
2.75285 , -0.682278
2.35521 , -0.757904
2.29121 , -0.750906
3.03676 , -0.74224
2.97721 , -0.718131
2.91591 , -0.696573
2.22727 , -0.751499
3.20279 , -0.785985
3.14693 , -0.75276
3.09388 , -0.731943
2.16267 , -0.745036
2.1001 , -0.740247
3.29404 , -0.801986
2.03998 , -0.722315
1.98011 , -0.70452
1.92108 , -0.685224
1.85806 , -0.685469
3.43032 , -0.755106
3.37109 , -0.741308
1.78918 , -0.675477
1.72483 , -0.669665
3.51574 , -0.725415
1.6634 , -0.671058
1.60415 , -0.684414
3.62431 , -0.69714
3.67755 , -0.728469
3.56607 , -0.690641
1.551 , -0.694453
1.50549 , -0.727987
3.75031 , -0.720031
1.44857 , -0.715336
1.38893 , -0.723636
1.32702 , -0.747675
1.2649 , -0.756972
1.20498 , -0.759614
1.14771 , -0.743479
1.08832 , -0.740374
3.75104 , -0.654844
1.03062 , -0.721505
3.73584 , -0.576006
0.970858 , -0.710877
3.74913 , -0.49536
0.908823 , -0.69088
0.845656 , -0.694156
0.782874 , -0.694097
0.721846 , -0.689958
0.665699 , -0.692948
3.73988 , -0.412345
0.610151 , -0.693137
3.76107 , -0.318616
0.551331 , -0.705162
3.75926 , -0.257459
0.489138 , -0.71376
0.425815 , -0.745501
0.367384 , -0.776602
3.77698 , -0.148116
3.7381 , -0.194059
0.305548 , -0.775941
3.73763 , -0.082228
3.72987 , -0.011219
0.2544 , -0.760605
3.73129 , 0.0700971
3.72393 , 0.134204
3.74975 , 0.279353
3.7423 , 0.220919
3.72907 , 0.346353
3.72945 , 0.41001
3.72938 , 0.47365
3.74082 , 0.535247
3.74325 , 0.596355
3.73244 , 0.655679
3.70045 , 0.706691
3.64855 , 0.73958
3.58744 , 0.708127
3.46223 , 0.750048
3.49551 , 0.703087
3.34367 , 0.762934
3.40237 , 0.757262
3.22909 , 0.791274
3.27613 , 0.752922
3.08585 , 0.749438
3.15465 , 0.742158
3.17582 , 0.794498
2.9373 , 0.745642
2.99661 , 0.728165
2.7765 , 0.712143
2.83021 , 0.682313
2.88948 , 0.705284
2.67978 , 0.74288
2.71665 , 0.695233
2.59525 , 0.745361
2.53621 , 0.73391
2.47483 , 0.736636
2.38518 , 0.765504
2.32222 , 0.793213
2.21261 , 0.799424
2.1295 , 0.76556
1.96388 , 0.737187
2.01327 , 0.717121
2.0727 , 0.74146
1.81626 , 0.725133
1.86756 , 0.698172
1.72894 , 0.732904
1.67563 , 0.718216
1.48764 , 0.758387
1.53191 , 0.717855
1.58984 , 0.702956
1.2846 , 0.818235
1.32466 , 0.77419
1.36513 , 0.73942
1.4276 , 0.747094
1.24557 , 0.77243
1.18827 , 0.793061
1.07741 , 0.745902
1.14488 , 0.750316
1.01081 , 0.726104
0.948751 , 0.713788
0.850262 , 0.707267
0.705694 , 0.718415
0.773763 , 0.700047
0.4994 , 0.773599
0.59311 , 0.706358
0.652467 , 0.687341
0.423751 , 0.774181
0.354907 , 0.764734
0.244399 , 0.766605
0.247524 , 0.695247
0.245262 , 0.627013
0.251137 , 0.554038
0.265435 , 0.46772
0.244948 , 0.380989
0.228948 , 0.307913
0.247302 , 0.248565
0.249429 , 0.133783
0.248601 , 0.0895252
0.253435 , -0.0500191
0.284893 , -0.000224377
0.245276 , -0.214509
0.279329 , -0.161002
0.279277 , -0.102145
0.244899 , -0.278114
0.235206 , -0.34301
0.2725 , -0.418474
0.26921 , -0.554736
0.267654 , -0.491173
0.258057 , -0.617601
0.27192 , -0.680011
2.69614 , -0.654253
2.63788 , -0.631467
2.58397 , -0.66351
2.52256 , -0.663009
2.46156 , -0.66675
2.40355 , -0.679607
2.85887 , -0.672326
2.80339 , -0.643976
2.74686 , -0.627003
2.34809 , -0.709114
2.28622 , -0.706087
3.05608 , -0.688464
2.99928 , -0.672671
2.94451 , -0.662017
2.22511 , -0.709207
3.24451 , -0.759712
3.18884 , -0.724503
3.12603 , -0.69123
2.16474 , -0.70312
2.10426 , -0.696917
3.31227 , -0.759574
2.04569 , -0.680934
1.98272 , -0.661992
1.90245 , -0.641011
1.84058 , -0.640309
3.45648 , -0.712549
3.39134 , -0.701787
1.79437 , -0.617751
1.74128 , -0.622007
3.5102 , -0.674275
1.67809 , -0.624546
1.61477 , -0.632187
3.63653 , -0.648141
3.69146 , -0.687465
3.57176 , -0.643049
1.55966 , -0.642089
1.50497 , -0.667726
1.4469 , -0.669847
1.35338 , -0.692511
1.29712 , -0.70828
1.24014 , -0.712018
1.1855 , -0.705032
1.12592 , -0.694345
3.70312 , -0.635528
1.06706 , -0.686071
1.0032 , -0.669717
3.68159 , -0.588238
3.70243 , -0.528634
3.70843 , -0.466205
0.946121 , -0.656247
0.88484 , -0.646591
0.823255 , -0.648832
0.762769 , -0.64454
0.702967 , -0.6441
0.645651 , -0.645061
3.72007 , -0.359347
3.68626 , -0.409415
0.586774 , -0.653097
3.71411 , -0.298879
0.531911 , -0.659982
3.70534 , -0.238055
0.475422 , -0.671305
0.425404 , -0.698823
0.36847 , -0.726556
3.72808 , -0.137838
3.68584 , -0.175802
0.306097 , -0.725576
3.69828 , -0.0572102
3.69452 , 0.0225474
3.68575 , 0.0841686
3.70135 , 0.179556
3.69923 , 0.300592
3.6839 , 0.364968
3.6858 , 0.433681
3.68831 , 0.507157
3.68893 , 0.568323
3.69118 , 0.623475
3.66411 , 0.672724
3.54518 , 0.671573
3.60916 , 0.664142
3.43491 , 0.706898
3.47172 , 0.659213
3.31613 , 0.719134
3.37145 , 0.706004
3.2154 , 0.738973
3.26309 , 0.698848
3.05464 , 0.709081
3.1156 , 0.697552
3.17775 , 0.689161
2.95014 , 0.689117
3.00863 , 0.667678
2.76217 , 0.663575
2.86376 , 0.642499
2.64455 , 0.710367
2.68485 , 0.663817
2.5845 , 0.697291
2.5181 , 0.694591
2.42965 , 0.71401
2.34873 , 0.738597
2.26697 , 0.770323
2.19056 , 0.755893
2.13194 , 0.716094
1.92553 , 0.694443
1.98115 , 0.675385
2.04625 , 0.681703
1.77766 , 0.697211
1.83544 , 0.657575
1.64482 , 0.677398
1.71134 , 0.676131
1.4741 , 0.704534
1.52592 , 0.665791
1.58263 , 0.653979
1.28528 , 0.743659
1.33231 , 0.698418
1.39464 , 0.69504
1.20979 , 0.729777
1.06573 , 0.696704
1.12651 , 0.710264
1.00141 , 0.676181
0.909624 , 0.680966
0.829447 , 0.665879
0.713741 , 0.674985
0.767664 , 0.650411
0.473902 , 0.73089
0.534565 , 0.720863
0.557996 , 0.662382
0.672169 , 0.635471
0.611943 , 0.649432
0.407662 , 0.729281
0.29535 , 0.739304
0.346865 , 0.70507
0.290306 , 0.673914
0.282369 , 0.599504
0.293046 , 0.532318
0.295557 , 0.42667
0.278088 , 0.345909
0.256331 , 0.195419
0.293591 , 0.240965
0.296579 , 0.154705
0.292843 , 0.0497937
0.287754 , -0.224017
0.332048 , -0.171015
0.3269 , -0.118435
0.315592 , -0.0555623
0.281071 , -0.310514
0.289561 , -0.36566
0.305463 , -0.448748
0.314197 , -0.532544
0.305739 , -0.622109
2.69168 , -0.605067
2.60868 , -0.594842
2.55277 , -0.612505
2.49023 , -0.614601
2.42705 , -0.621462
2.36795 , -0.646576
2.88653 , -0.637237
2.83102 , -0.60678
2.76877 , -0.591371
2.31811 , -0.657217
2.25839 , -0.65936
3.08338 , -0.6501
3.02588 , -0.635484
2.96903 , -0.617013
2.19905 , -0.654438
3.26193 , -0.717789
3.21611 , -0.684636
3.16344 , -0.664525
2.1402 , -0.650346
3.32517 , -0.700314
2.08296 , -0.639087
2.02205 , -0.625914
1.96021 , -0.61714
1.91205 , -0.597618
1.85066 , -0.584589
3.44593 , -0.664628
3.38824 , -0.65279
1.78531 , -0.572023
1.72671 , -0.573011
3.50878 , -0.629239
1.67268 , -0.569137
1.62622 , -0.587685
3.62092 , -0.604814
3.55919 , -0.590589
1.5641 , -0.586898
1.50659 , -0.61518
1.45103 , -0.614545
1.40013 , -0.653829
1.33617 , -0.649598
1.27751 , -0.664228
1.16157 , -0.652931
1.10419 , -0.643986
1.04483 , -0.632249
3.64903 , -0.551652
3.65483 , -0.460012
0.986803 , -0.616225
0.927242 , -0.603743
0.860626 , -0.602178
0.800226 , -0.59597
0.739655 , -0.595805
0.679533 , -0.594619
0.619785 , -0.602156
3.66977 , -0.341546
3.64217 , -0.392375
0.56056 , -0.606717
3.66563 , -0.278398
0.501602 , -0.619978
0.439065 , -0.637081
0.384396 , -0.666266
3.684 , -0.115673
3.63976 , -0.156807
3.64859 , -0.217438
0.333877 , -0.675188
3.65755 , -0.0271984
3.6491 , 0.0327641
3.63566 , 0.0877508
3.65582 , 0.200658
3.6581 , 0.139495
3.64946 , 0.274478
3.63774 , 0.399309
3.64294 , 0.332301
3.6457 , 0.466201
3.6443 , 0.536117
3.64062 , 0.608183
3.51323 , 0.629311
3.57713 , 0.615259
3.41182 , 0.663359
3.43852 , 0.620541
3.31999 , 0.668482
3.2296 , 0.667061
3.07109 , 0.65497
3.13598 , 0.65298
2.92216 , 0.652153
2.97964 , 0.628175
2.73058 , 0.620881
2.79785 , 0.627537
2.85227 , 0.593204
2.62572 , 0.653844
2.67543 , 0.61412
2.5648 , 0.654592
2.46505 , 0.670623
2.39215 , 0.695582
2.30026 , 0.722922
2.24169 , 0.722539
2.18941 , 0.703126
2.10005 , 0.677737
1.90696 , 0.651675
1.96218 , 0.62495
2.02393 , 0.630255
1.77081 , 0.648578
1.85644 , 0.620452
1.64306 , 0.632128
1.70851 , 0.628874
1.44668 , 0.670619
1.49786 , 0.62895
1.5579 , 0.609067
1.27078 , 0.696268
1.31776 , 0.654461
1.38067 , 0.65256
1.21645 , 0.680523
1.04557 , 0.64659
1.10478 , 0.654554
1.16095 , 0.672818
0.967354 , 0.644859
0.905139 , 0.630358
0.851768 , 0.624872
0.727746 , 0.614963
0.789537 , 0.607981
0.453578 , 0.688152
0.50018 , 0.670043
0.533969 , 0.622995
0.635377 , 0.602075
0.39629 , 0.676402
0.329109 , 0.644516
0.33146 , 0.588187
0.320301 , 0.482387
0.349546 , 0.534502
0.318002 , 0.385337
0.352016 , 0.432048
0.289473 , 0.299182
0.327413 , 0.206259
0.339982 , 0.26566
0.308801 , 0.0964468
0.341282 , 0.147676
0.308727 , -0.26177
0.351663 , -0.211461
0.330972 , -0.323816
0.330395 , -0.388871
0.348122 , -0.485105
0.337807 , -0.572632
2.71505 , -0.558487
2.6537 , -0.57063
2.59458 , -0.54982
2.53577 , -0.570982
2.47443 , -0.576994
2.41332 , -0.581615
2.34469 , -0.603578
2.92288 , -0.599554
2.87572 , -0.574768
2.81765 , -0.553431
2.76804 , -0.53007
2.28492 , -0.613844
3.12039 , -0.624197
3.06108 , -0.595712
3.00089 , -0.580826
2.22387 , -0.609695
3.26911 , -0.665111
3.21739 , -0.631346
2.16326 , -0.604025
3.32768 , -0.654647
2.1038 , -0.594489
2.05031 , -0.586715
1.98992 , -0.572336
1.92922 , -0.557363
1.84245 , -0.541769
3.45758 , -0.612109
3.40114 , -0.60168
1.7826 , -0.519969
1.72367 , -0.522952
3.50308 , -0.576758
1.67169 , -0.519561
1.61412 , -0.53609
3.59041 , -0.549484
1.55381 , -0.544459
1.49584 , -0.567772
1.43435 , -0.573062
1.37942 , -0.603521
1.3181 , -0.605774
1.25673 , -0.613564
1.2193 , -0.657954
1.1899 , -0.608055
1.13142 , -0.602168
1.07525 , -0.595237
3.63308 , -0.502495
3.61028 , -0.434455
1.02201 , -0.57686
0.9636 , -0.563107
0.903241 , -0.559183
0.843182 , -0.552396
0.782103 , -0.551834
0.72132 , -0.551354
0.65972 , -0.554246
0.598652 , -0.558682
3.6266 , -0.323817
3.59368 , -0.372985
0.528919 , -0.570049
3.61491 , -0.266002
0.468375 , -0.582397
0.405566 , -0.58621
0.372529 , -0.619097
3.64661 , -0.0875306
3.59767 , -0.124334
3.59595 , -0.185885
3.60593 , -0.00961536
3.59591 , 0.0478065
3.59624 , 0.11546
3.69607 , 0.239825
3.61756 , 0.232367
3.60761 , 0.175003
3.59611 , 0.39946
3.59534 , 0.344528
3.60263 , 0.484301
3.60338 , 0.556139
3.49333 , 0.586523
3.36674 , 0.642802
3.40139 , 0.589547
3.28298 , 0.639525
3.19544 , 0.62717
3.04318 , 0.617407
3.11517 , 0.610506
2.91673 , 0.600366
2.96748 , 0.579622
2.76728 , 0.578195
2.82148 , 0.555326
2.8849 , 0.54441
2.60982 , 0.609313
2.65587 , 0.574488
2.5167 , 0.63687
2.55987 , 0.592871
2.42744 , 0.644979
2.33862 , 0.679221
2.27826 , 0.673951
2.16146 , 0.658135
2.08616 , 0.626753
1.91032 , 0.591482
1.96813 , 0.573717
2.01721 , 0.585905
1.76784 , 0.599001
1.81436 , 0.581997
1.61331 , 0.584511
1.6768 , 0.587195
1.43531 , 0.621956
1.48178 , 0.577976
1.54948 , 0.559086
1.26237 , 0.642587
1.3067 , 0.602776
1.35988 , 0.608005
1.20333 , 0.632038
1.0208 , 0.602779
1.08574 , 0.60268
0.958007 , 0.591376
0.898734 , 0.579743
0.838844 , 0.5731
0.684103 , 0.57726
0.741029 , 0.559761
0.43527 , 0.630384
0.485564 , 0.610235
0.527708 , 0.566359
0.581437 , 0.595106
0.626749 , 0.552901
0.376934 , 0.62617
0.390554 , 0.578996
0.375814 , 0.481333
0.408574 , 0.529473
0.339164 , 0.334728
0.377198 , 0.381906
0.41013 , 0.433121
0.377188 , 0.19315
0.391255 , 0.240007
0.359948 , -0.272386
0.405396 , -0.231726
0.375799 , -0.343913
0.3599 , -0.428193
0.384608 , -0.519981
2.7112 , -0.506748
2.65246 , -0.525275
2.55192 , -0.513846
2.60791 , -0.493604
2.49475 , -0.524524
2.43455 , -0.531125
2.37837 , -0.553408
2.32049 , -0.561198
2.94441 , -0.553637
2.88864 , -0.524226
2.83686 , -0.507427
2.78287 , -0.485675
2.26415 , -0.566733
3.16604 , -0.598587
3.11107 , -0.568119
3.05244 , -0.546269
2.99061 , -0.531409
3.27888 , -0.615783
3.22631 , -0.580888
2.18882 , -0.561025
3.34379 , -0.611925
2.1293 , -0.550677
2.06828 , -0.539858
2.01375 , -0.531127
1.89863 , -0.512748
1.84227 , -0.490784
3.43328 , -0.560729
3.36582 , -0.555517
1.78062 , -0.472189
1.72597 , -0.472899
3.53779 , -0.530386
1.67316 , -0.468946
1.62218 , -0.486249
1.5629 , -0.490571
1.50652 , -0.51689
1.44421 , -0.516598
1.39066 , -0.549076
1.33105 , -0.550762
1.27324 , -0.56575
1.21337 , -0.568859
1.15111 , -0.560355
1.08609 , -0.551975
3.57825 , -0.487802
3.55938 , -0.426407
1.00994 , -0.526854
0.94765 , -0.511994
0.884568 , -0.508096
0.808722 , -0.504588
0.745535 , -0.503082
0.683396 , -0.504144
0.621564 , -0.509388
0.560269 , -0.517363
3.57698 , -0.310272
3.54796 , -0.355138
0.499299 , -0.52839
3.58204 , -0.233019
0.440887 , -0.537853
3.60514 , -0.0624026
3.5516 , -0.120516
3.54947 , -0.172304
3.55865 , 0.00750374
3.55588 , 0.081311
3.55837 , 0.1591
3.59221 , 0.284912
3.56661 , 0.22476
3.56562 , 0.443227
3.54935 , 0.383892
3.5477 , 0.324218
3.56304 , 0.507143
3.5456 , 0.565545
3.45488 , 0.553112
3.3328 , 0.603197
3.36912 , 0.555664
3.25339 , 0.599115
3.1746 , 0.583785
3.02454 , 0.567091
3.08407 , 0.573096
2.94835 , 0.534014
2.7119 , 0.560769
2.76442 , 0.526504
2.82365 , 0.505452
2.88585 , 0.501699
2.61149 , 0.545892
2.47866 , 0.610113
2.52564 , 0.569541
2.38018 , 0.636047
2.42036 , 0.591051
2.31998 , 0.631481
2.22595 , 0.656319
2.16458 , 0.612021
2.08119 , 0.58429
1.86668 , 0.565388
1.97228 , 0.531945
2.03262 , 0.54379
1.73441 , 0.563389
1.79063 , 0.535583
1.61109 , 0.536961
1.67432 , 0.542282
1.41131 , 0.577239
1.4848 , 0.535823
1.54334 , 0.51325
1.24899 , 0.595971
1.29041 , 0.55831
1.34538 , 0.551013
1.14745 , 0.612397
1.20029 , 0.5795
1.02648 , 0.554043
1.08288 , 0.559369
0.959668 , 0.545816
0.893217 , 0.535638
0.790964 , 0.543594
0.68498 , 0.532138
0.738306 , 0.511319
0.450297 , 0.571632
0.492308 , 0.527961
0.56187 , 0.526939
0.606075 , 0.510482
0.437536 , 0.487663
0.37879 , 0.3082
0.415306 , 0.365778
0.450782 , 0.4221
0.435178 , 0.256618
0.405514 , -0.291909
0.398862 , -0.38669
0.408 , -0.453415
2.72466 , -0.464022
2.66209 , -0.467479
2.53075 , -0.473814
2.59734 , -0.449685
2.4653 , -0.481078
2.40286 , -0.489277
2.35061 , -0.512057
2.29327 , -0.513829
2.92684 , -0.493356
2.85308 , -0.462837
2.8012 , -0.43973
2.23687 , -0.525631
3.17457 , -0.544064
3.12219 , -0.524858
3.07781 , -0.499902
3.02124 , -0.493239
3.29991 , -0.570792
3.24128 , -0.537924
2.17668 , -0.510751
2.11578 , -0.499218
2.05704 , -0.488842
2.00335 , -0.473853
1.95882 , -0.505951
1.92271 , -0.460275
1.86421 , -0.451065
3.47975 , -0.523645
3.42027 , -0.515382
3.3615 , -0.514637
1.80525 , -0.438212
1.735 , -0.425518
3.51859 , -0.474006
1.66974 , -0.419329
1.61243 , -0.437837
1.55504 , -0.446617
1.49633 , -0.472888
1.43362 , -0.473838
1.37846 , -0.504663
1.31385 , -0.508988
1.24985 , -0.516259
1.1888 , -0.516035
1.12884 , -0.506584
1.06698 , -0.502101
3.52079 , -0.403647
1.00552 , -0.481302
0.943823 , -0.470198
0.88144 , -0.470335
0.823132 , -0.461883
0.764145 , -0.462771
0.701532 , -0.45833
0.638924 , -0.461527
0.576277 , -0.466962
3.54042 , -0.279602
3.50956 , -0.322627
0.513766 , -0.475212
0.451593 , -0.484108
3.55849 , -0.0563326
3.5104 , -0.0976876
3.50018 , -0.160594
3.52516 , -0.219004
3.52338 , 0.0388187
3.52248 , 0.116677
3.51921 , 0.186783
3.54013 , 0.267845
3.51744 , 0.463638
3.50415 , 0.4079
3.49932 , 0.349323
3.50317 , 0.522086
3.44453 , 0.504017
3.30469 , 0.56053
3.33643 , 0.508195
3.21936 , 0.562529
3.13885 , 0.54876
3.00095 , 0.520603
3.06337 , 0.52174
2.94806 , 0.486497
2.66916 , 0.521669
2.72675 , 0.49855
2.84214 , 0.454546
2.78044 , 0.466139
2.89966 , 0.450713
2.57069 , 0.527083
2.61776 , 0.486864
2.46959 , 0.558633
2.51113 , 0.515042
2.36126 , 0.588147
2.40467 , 0.5466
2.26191 , 0.615931
2.20598 , 0.577091
2.14323 , 0.57403
2.09308 , 0.538246
1.84271 , 0.522178
1.91085 , 0.530483
2.00312 , 0.490306
1.94264 , 0.484362
2.06063 , 0.492656
1.72759 , 0.511428
1.77891 , 0.489064
1.60075 , 0.492412
1.66126 , 0.494956
1.40533 , 0.53322
1.45678 , 0.497954
1.5112 , 0.471978
1.24778 , 0.53793
1.30045 , 0.503126
1.139 , 0.562996
1.1886 , 0.529241
1.01477 , 0.508485
1.08189 , 0.51474
0.949275 , 0.502168
0.836859 , 0.512518
0.890674 , 0.48354
0.660581 , 0.487269
0.715896 , 0.465817
0.779111 , 0.480154
0.490537 , 0.472719
0.540797 , 0.477178
0.602924 , 0.45919
0.432741 , 0.306068
0.468825 , 0.358376
0.500048 , 0.411573
0.491383 , 0.281383
0.439473 , -0.336024
0.463147 , -0.275281
0.453257 , -0.402216
2.75351 , -0.417037
2.69358 , -0.41741
2.55477 , -0.425878
2.49442 , -0.42822
2.63382 , -0.411374
2.43494 , -0.438742
2.37088 , -0.441595
2.3219 , -0.464124
2.26272 , -0.469738
2.97263 , -0.470906
2.91466 , -0.445134
2.87057 , -0.412162
2.8113 , -0.391012
3.18315 , -0.498155
3.12541 , -0.468484
3.06295 , -0.450703
3.30028 , -0.521847
3.24669 , -0.486987
2.20118 , -0.472929
2.13678 , -0.458003
2.07336 , -0.43903
2.00626 , -0.434748
1.95195 , -0.418006
1.90031 , -0.406493
3.45675 , -0.47162
3.39595 , -0.463517
3.33614 , -0.473772
1.84364 , -0.394887
1.78396 , -0.388245
1.72512 , -0.372802
1.67079 , -0.370977
1.6098 , -0.388436
1.55063 , -0.388948
1.50804 , -0.420467
1.45554 , -0.423199
1.3946 , -0.441589
1.33611 , -0.458293
1.27192 , -0.470407
1.20029 , -0.472648
1.13427 , -0.465367
1.06886 , -0.456178
3.47711 , -0.372396
3.47493 , -0.43137
1.02096 , -0.432566
0.967796 , -0.42755
0.910975 , -0.424624
0.854663 , -0.417663
0.797208 , -0.412214
0.740717 , -0.414343
0.682154 , -0.412389
0.622253 , -0.420661
0.560233 , -0.423436
3.49173 , -0.265984
3.46259 , -0.315997
0.495988 , -0.429277
3.51038 , -0.0337257
3.46847 , -0.0648892
3.45697 , -0.121731
3.44326 , -0.174788
3.47688 , 0.0736496
3.48097 , 0.0104739
3.48231 , 0.139456
3.49857 , 0.234459
3.49807 , 0.292497
3.45798 , 0.444342
3.45288 , 0.381825
3.39143 , 0.502352
3.26234 , 0.535028
3.30159 , 0.486246
3.19669 , 0.517264
3.1215 , 0.503054
3.02417 , 0.475234
2.95574 , 0.434873
2.67442 , 0.472307
2.7242 , 0.442923
2.81633 , 0.414754
2.88139 , 0.404644
2.55705 , 0.475791
2.60326 , 0.439139
2.45065 , 0.508431
2.49609 , 0.466547
2.30704 , 0.57653
2.34724 , 0.534934
2.39116 , 0.497568
2.20892 , 0.523406
2.25162 , 0.561742
2.15038 , 0.522331
2.1164 , 0.48277
1.87647 , 0.4804
1.98291 , 0.438439
1.91884 , 0.442494
2.04236 , 0.443939
1.71722 , 0.469308
1.76949 , 0.440026
1.56813 , 0.455413
1.62859 , 0.442171
1.36063 , 0.490462
1.42025 , 0.472588
1.47637 , 0.438785
1.23209 , 0.487905
1.28039 , 0.458065
1.14768 , 0.499869
0.993481 , 0.455136
1.05706 , 0.466374
0.936555 , 0.449131
0.834754 , 0.460885
0.659585 , 0.435855
0.709581 , 0.416656
0.765152 , 0.427015
0.56099 , 0.421818
0.508361 , 0.328078
0.540177 , 0.36652
0.488913 , -0.343107
0.514075 , -0.289874
2.76174 , -0.364474
2.69955 , -0.3722
2.5758 , -0.386467
2.51372 , -0.379586
2.63622 , -0.367815
2.45211 , -0.384825
2.3923 , -0.398237
2.3084 , -0.425868
2.24497 , -0.426713
2.99185 , -0.431798
2.93536 , -0.39855
2.88083 , -0.36654
2.82223 , -0.346122
3.20684 , -0.44761
3.14706 , -0.429889
3.08838 , -0.40846
3.28873 , -0.45761
2.18555 , -0.422767
2.13022 , -0.404797
2.03797 , -0.398203
1.98103 , -0.372354
1.91631 , -0.361577
3.41489 , -0.420298
3.3507 , -0.421712
1.85106 , -0.349654
1.79339 , -0.335914
1.73449 , -0.326032
1.6739 , -0.327101
1.61414 , -0.34227
1.5506 , -0.347121
1.49001 , -0.369864
1.42716 , -0.384345
1.36709 , -0.403414
1.30624 , -0.418581
1.24428 , -0.429626
1.18249 , -0.427034
1.1225 , -0.416541
1.06476 , -0.401792
3.42824 , -0.363408
1.00374 , -0.383786
0.938961 , -0.381202
0.883396 , -0.375944
0.825015 , -0.368463
0.759729 , -0.367964
0.699917 , -0.360536
0.644566 , -0.364045
0.584047 , -0.370326
3.46509 , -0.213771
3.43402 , -0.264288
3.43711 , -0.0354597
3.41489 , -0.0952216
3.39822 , -0.157016
3.43239 , 0.081201
3.45797 , 0.194459
3.4328 , 0.138423
3.453 , 0.258949
3.44702 , 0.319963
3.40628 , 0.451684
3.41025 , 0.397329
3.24364 , 0.481645
3.2794 , 0.430457
3.34355 , 0.440509
3.16405 , 0.479608
3.08135 , 0.467732
3.00071 , 0.438138
2.94641 , 0.391782
2.65338 , 0.429689
2.70311 , 0.397228
2.76127 , 0.40816
2.7908 , 0.358125
2.85187 , 0.363823
2.54574 , 0.426422
2.59832 , 0.388918
2.43441 , 0.46105
2.48611 , 0.425718
2.29097 , 0.520973
2.33541 , 0.483536
2.37557 , 0.441754
2.18909 , 0.478507
2.24969 , 0.481505
2.10085 , 0.435733
1.82579 , 0.459233
1.96707 , 0.400361
1.87159 , 0.41868
2.03083 , 0.392421
1.67593 , 0.43764
1.72549 , 0.408872
1.78194 , 0.386713
1.53479 , 0.414854
1.59771 , 0.401968
1.33814 , 0.452351
1.38611 , 0.427265
1.43578 , 0.412971
1.48602 , 0.379728
1.19565 , 0.454111
1.2478 , 0.425243
1.30465 , 0.403843
1.12143 , 0.461015
1.02325 , 0.419277
1.0791 , 0.417605
0.886062 , 0.42289
0.944503 , 0.401267
0.825397 , 0.411406
0.618932 , 0.397215
0.668306 , 0.375174
0.729155 , 0.375888
0.784842 , 0.377157
0.565789 , 0.3056
0.588967 , 0.359846
0.525279 , -0.369206
0.558287 , -0.31137
2.73809 , -0.321217
2.6783 , -0.325852
2.57758 , -0.342332
2.49617 , -0.340587
2.43291 , -0.345634
2.37613 , -0.343932
2.27276 , -0.380487
2.33369 , -0.38171
3.02957 , -0.398424
2.9783 , -0.366127
2.92286 , -0.334415
2.86536 , -0.305811
2.79923 , -0.301745
3.2384 , -0.41596
3.17907 , -0.390262
3.1191 , -0.369354
3.29541 , -0.402714
2.21014 , -0.374037
2.15264 , -0.358832
2.0934 , -0.368967
2.04172 , -0.347573
1.98261 , -0.32655
1.92658 , -0.307093
3.3719 , -0.37622
1.87839 , -0.309867
1.81819 , -0.29158
1.75678 , -0.280753
1.69593 , -0.279728
1.63438 , -0.29185
1.57103 , -0.297989
1.51028 , -0.311092
1.39507 , -0.347299
1.45322 , -0.32522
1.33576 , -0.365224
1.27602 , -0.377851
1.21799 , -0.380672
1.16099 , -0.370098
1.09857 , -0.366114
3.40619 , -0.310411
1.03971 , -0.348831
0.971459 , -0.343898
0.915346 , -0.331446
0.798116 , -0.327369
0.858034 , -0.327556
0.727676 , -0.321499
0.66634 , -0.306201
3.40111 , -0.215895
3.42586 , 0.0217142
3.38493 , -0.0246221
3.37643 , -0.0844853
3.35249 , -0.173306
3.38266 , 0.102474
3.41534 , 0.221849
3.39771 , 0.169131
3.40423 , 0.276582
3.39591 , 0.333988
3.35907 , 0.380986
3.21619 , 0.441448
3.28877 , 0.390366
3.13107 , 0.439508
3.06677 , 0.424184
3.01248 , 0.388584
2.91141 , 0.35049
2.97272 , 0.34093
2.72497 , 0.350218
2.65933 , 0.363973
2.77779 , 0.319541
2.83845 , 0.313023
2.52466 , 0.380205
2.57074 , 0.344111
2.4283 , 0.416659
2.30368 , 0.45479
2.34517 , 0.403255
2.15616 , 0.438884
2.21553 , 0.432401
2.09694 , 0.392217
1.91657 , 0.378897
1.97764 , 0.35252
1.83598 , 0.390563
2.05617 , 0.349939
1.65957 , 0.383543
1.72211 , 0.361261
1.78786 , 0.340845
1.54644 , 0.367293
1.59945 , 0.347992
1.36137 , 0.386671
1.41967 , 0.365379
1.46159 , 0.335709
1.15863 , 0.415914
1.21179 , 0.388715
1.26784 , 0.367695
0.985606 , 0.378058
1.04593 , 0.365962
1.10268 , 0.382173
0.874559 , 0.374254
0.929999 , 0.352317
0.638708 , 0.320063
0.699707 , 0.326887
0.761097 , 0.324781
0.818526 , 0.347682
2.74405 , -0.275923
2.68308 , -0.278177
2.62826 , -0.30582
2.5894 , -0.279773
2.53113 , -0.300745
2.46875 , -0.298635
2.41067 , -0.296944
2.35337 , -0.30432
2.24226 , -0.336582
2.3028 , -0.32855
3.05536 , -0.351368
2.99854 , -0.3216
2.94612 , -0.292758
2.89055 , -0.263905
2.82714 , -0.255757
3.25325 , -0.361109
3.19835 , -0.345431
3.13815 , -0.323475
3.31386 , -0.357052
2.18655 , -0.31364
2.1221 , -0.311272
2.06178 , -0.302974
2.01378 , -0.286139
1.95336 , -0.270704
3.35655 , -0.322684
1.88936 , -0.259458
1.82961 , -0.248815
1.77158 , -0.23396
1.65711 , -0.234846
1.71719 , -0.223332
1.60029 , -0.251568
1.54117 , -0.25054
1.48877 , -0.271219
1.4025 , -0.298517
1.3469 , -0.307564
1.28777 , -0.326797
1.22539 , -0.332185
1.16863 , -0.319367
1.1189 , -0.327635
3.37371 , -0.26269
1.06983 , -0.303802
1.0085 , -0.299785
0.948775 , -0.291201
0.830649 , -0.280245
0.771941 , -0.28277
0.889673 , -0.28024
0.715279 , -0.26785
3.3858 , 0.0410152
3.34052 , 0.000752957
3.33317 , -0.0587474
3.34509 , -0.119133
3.29814 , -0.158599
3.33045 , -0.216316
3.3476 , 0.127816
3.36703 , 0.228321
3.34638 , 0.291384
3.32481 , 0.350056
3.1845 , 0.408161
3.23842 , 0.378317
3.12678 , 0.389308
3.03016 , 0.341825
2.89678 , 0.303104
2.95655 , 0.29599
2.69094 , 0.306258
2.62971 , 0.330954
2.7398 , 0.282017
2.80078 , 0.269572
2.46402 , 0.373274
2.50925 , 0.333642
2.55716 , 0.297144
2.4001 , 0.372067
2.27375 , 0.416161
2.31509 , 0.370686
2.16256 , 0.390729
2.21945 , 0.386205
2.11242 , 0.342185
1.8805 , 0.345845
2.01469 , 0.326832
1.93821 , 0.320518
1.66188 , 0.341182
1.71113 , 0.314258
1.76984 , 0.295748
1.82977 , 0.313785
1.51646 , 0.327928
1.56979 , 0.301274
1.32518 , 0.346575
1.38573 , 0.328401
1.44151 , 0.298545
1.15708 , 0.363917
1.21152 , 0.337987
1.26919 , 0.320629
0.98572 , 0.328252
1.0448 , 0.323215
1.10769 , 0.328709
0.874077 , 0.327512
0.929857 , 0.304391
0.704986 , 0.283935
0.766625 , 0.278292
0.610892 , -0.312596
2.77006 , -0.23637
2.7057 , -0.228332
2.64196 , -0.244212
2.56298 , -0.243842
2.50169 , -0.250724
2.44001 , -0.246793
2.37523 , -0.25098
2.31481 , -0.267506
2.25661 , -0.290462
3.08042 , -0.311168
3.02178 , -0.2777
2.96832 , -0.247821
2.91067 , -0.223613
2.84845 , -0.215961
3.27417 , -0.311528
3.22019 , -0.300522
3.16738 , -0.284297
2.19815 , -0.270075
2.13659 , -0.266365
2.08169 , -0.257138
2.03381 , -0.239819
1.98369 , -0.22653
3.33055 , -0.282507
1.92237 , -0.216417
1.86536 , -0.208887
1.81163 , -0.193627
1.75763 , -0.175253
1.66543 , -0.187364
1.60441 , -0.202375
1.54372 , -0.203053
1.48383 , -0.219125
1.43786 , -0.261067
1.37837 , -0.246612
1.31877 , -0.267242
1.25644 , -0.289228
1.19153 , -0.274556
1.12496 , -0.268507
1.05889 , -0.253813
1.009 , -0.253741
0.946126 , -0.245667
0.8337 , -0.235695
0.777152 , -0.239885
0.888296 , -0.232943
3.33489 , 0.0641419
3.29249 , 0.0153917
3.28004 , -0.0378793
3.28999 , -0.0973565
3.25049 , -0.142016
3.26246 , -0.203292
3.28465 , -0.255296
3.33974 , 0.182843
3.29844 , 0.138575
3.32002 , 0.246587
3.28283 , 0.319399
3.17971 , 0.347526
3.08036 , 0.369376
3.13196 , 0.337646
3.01833 , 0.296142
3.07937 , 0.31217
2.87276 , 0.261983
2.93555 , 0.252955
2.66112 , 0.274227
2.71511 , 0.241227
2.77723 , 0.230057
2.44742 , 0.330058
2.49748 , 0.287831
2.54862 , 0.254805
2.60559 , 0.274319
2.36809 , 0.339288
2.3118 , 0.321237
2.26245 , 0.3551
2.1692 , 0.343297
2.07967 , 0.296095
1.88559 , 0.290032
1.98911 , 0.285358
1.93549 , 0.25852
1.63273 , 0.294912
1.69209 , 0.273874
1.74998 , 0.250595
1.81223 , 0.255877
1.51151 , 0.276714
1.57417 , 0.252749
1.32861 , 0.303537
1.39258 , 0.270974
1.45356 , 0.250234
1.16647 , 0.305608
1.22318 , 0.278842
0.984398 , 0.281272
1.04176 , 0.269581
1.09398 , 0.287877
0.826275 , 0.290137
0.882562 , 0.269853
0.77808 , 0.233438
2.7909 , -0.19388
2.72997 , -0.185849
2.66743 , -0.187148
2.61187 , -0.206994
2.56125 , -0.189069
2.51026 , -0.209059
2.42146 , -0.209691
2.36096 , -0.203206
2.30168 , -0.22938
3.10515 , -0.267663
3.04896 , -0.239722
2.99864 , -0.208035
2.94434 , -0.184807
2.88658 , -0.170424
3.22491 , -0.254056
3.16412 , -0.239079
2.23608 , -0.234284
2.16807 , -0.22257
2.10633 , -0.211602
2.0458 , -0.195537
1.98568 , -0.179186
1.92687 , -0.163612
1.87465 , -0.161916
1.81368 , -0.147329
1.7153 , -0.156443
1.65232 , -0.132914
1.60572 , -0.157354
1.54107 , -0.154492
1.48824 , -0.170663
1.43 , -0.197862
1.36806 , -0.197275
1.3109 , -0.221524
1.25391 , -0.246213
1.20149 , -0.227971
1.13883 , -0.224939
1.06822 , -0.208819
0.990526 , -0.207309
0.848099 , -0.18727
0.917595 , -0.189163
3.29402 , 0.0808586
3.25074 , 0.0430364
3.23477 , -0.0155541
3.23588 , -0.080937
3.20416 , -0.140994
3.29202 , 0.198524
3.25468 , 0.156186
3.26463 , 0.257639
3.23345 , 0.314281
3.12616 , 0.284387
2.99967 , 0.249048
3.06642 , 0.256591
2.84035 , 0.223143
2.89972 , 0.207855
2.96349 , 0.196289
2.64484 , 0.228131
2.69195 , 0.191811
2.74978 , 0.188447
2.80934 , 0.177329
2.39742 , 0.304647
2.44359 , 0.270286
2.49196 , 0.235097
2.53443 , 0.19843
2.5895 , 0.210727
2.26964 , 0.294839
2.32949 , 0.273134
2.21602 , 0.324738
2.14153 , 0.293089
2.04288 , 0.266426
2.10545 , 0.242844
1.86956 , 0.243855
1.98929 , 0.227267
1.9255 , 0.209379
1.6383 , 0.247163
1.69544 , 0.218518
1.7532 , 0.202974
1.81208 , 0.2115
1.51407 , 0.227489
1.56522 , 0.198098
1.28453 , 0.267216
1.34484 , 0.250304
1.3985 , 0.217632
1.45461 , 0.199845
1.15071 , 0.267373
1.20482 , 0.242181
0.936488 , 0.244473
0.995331 , 0.231393
1.05531 , 0.218904
0.829689 , 0.24317
0.884566 , 0.213101
2.83116 , -0.155033
2.77035 , -0.137582
2.70712 , -0.135548
2.64971 , -0.142922
2.5968 , -0.147733
2.53 , -0.149299
2.47056 , -0.175394
2.40723 , -0.157647
2.32728 , -0.168263
2.27248 , -0.191069
3.10596 , -0.219405
3.05441 , -0.18788
2.9998 , -0.161578
2.94667 , -0.13639
2.89024 , -0.12528
3.20777 , -0.198811
3.15276 , -0.182285
2.21364 , -0.182613
2.1564 , -0.173951
2.09594 , -0.159649
2.03566 , -0.143764
1.9763 , -0.12681
1.91984 , -0.108243
1.84567 , -0.104247
1.77983 , -0.112116
1.73341 , -0.111847
1.67243 , -0.0960316
1.58678 , -0.11258
1.52688 , -0.106625
1.47179 , -0.127972
1.40901 , -0.150504
1.32543 , -0.167147
1.26314 , -0.183866
1.20678 , -0.178384
1.14672 , -0.179303
1.08812 , -0.165788
1.02814 , -0.169328
0.969416 , -0.164472
0.871825 , -0.145824
3.23846 , 0.105857
3.20802 , 0.0525141
3.19077 , -0.017367
3.19518 , -0.0788138
3.15307 , -0.124324
3.23676 , 0.205862
3.19839 , 0.16076
3.18927 , 0.28175
3.13103 , 0.23782
3.02744 , 0.204016
3.07737 , 0.205643
2.86999 , 0.165388
2.93437 , 0.159917
2.63549 , 0.173231
2.68299 , 0.141098
2.74034 , 0.142203
2.80215 , 0.135086
2.38035 , 0.258726
2.43422 , 0.222896
2.5406 , 0.156999
2.48024 , 0.176267
2.2758 , 0.239051
2.22035 , 0.268624
2.32588 , 0.219417
2.1708 , 0.254545
2.04648 , 0.213315
2.09747 , 0.193311
1.8685 , 0.194176
1.97077 , 0.178263
1.62128 , 0.206933
1.66801 , 0.179143
1.72369 , 0.159262
1.78366 , 0.158745
1.49961 , 0.178864
1.55635 , 0.152742
1.26209 , 0.22596
1.31855 , 0.21076
1.37539 , 0.179981
1.43581 , 0.15271
1.10799 , 0.229537
1.16613 , 0.214188
1.22369 , 0.185652
0.944305 , 0.197464
1.00446 , 0.18277
1.06174 , 0.167482
0.826555 , 0.196333
0.873187 , 0.160924
2.82683 , -0.106298
2.76342 , -0.0920276
2.69871 , -0.0923193
2.63436 , -0.0995408
2.57308 , -0.105395
2.5108 , -0.109241
2.46185 , -0.123482
2.39645 , -0.113323
2.33481 , -0.127776
2.26653 , -0.141476
3.1049 , -0.159147
3.05145 , -0.133452
2.99781 , -0.107652
2.94304 , -0.0852969
2.88441 , -0.0788985
2.20404 , -0.131149
2.14572 , -0.123565
2.08736 , -0.111218
2.03466 , -0.0929712
1.98473 , -0.0804698
1.89779 , -0.068571
1.84039 , -0.0528873
1.78065 , -0.0616662
1.71924 , -0.0592183
1.65996 , -0.0405621
1.61264 , -0.0782028
1.55409 , -0.0591617
1.49244 , -0.0635569
1.43736 , -0.0937152
1.38721 , -0.101039
1.33129 , -0.127597
1.26353 , -0.13734
1.18623 , -0.130894
1.05712 , -0.118792
1.12182 , -0.122966
0.995893 , -0.119181
0.932432 , -0.126125
0.893645 , -0.0905459
3.17431 , 0.104525
3.1635 , 0.0413443
3.13518 , -0.0118322
3.14138 , -0.0687877
3.19773 , 0.233668
3.15286 , 0.178233
3.0138 , 0.156532
3.08435 , 0.160309
2.86282 , 0.122075
2.9241 , 0.114079
2.60028 , 0.144062
2.65104 , 0.10991
2.70922 , 0.0905183
2.76903 , 0.0870975
2.37785 , 0.210537
2.42181 , 0.173023
2.49876 , 0.120554
2.55546 , 0.104676
2.22859 , 0.208563
2.29046 , 0.177682
2.1597 , 0.200062
2.0375 , 0.164147
2.11171 , 0.149934
1.83774 , 0.154742
1.90089 , 0.145147
1.95468 , 0.133765
1.61564 , 0.150658
1.67181 , 0.130711
1.74904 , 0.111753
1.49357 , 0.127846
1.54155 , 0.103947
1.28126 , 0.168881
1.33771 , 0.145648
1.39583 , 0.124585
1.11914 , 0.180176
1.17465 , 0.156859
1.23243 , 0.133093
0.928477 , 0.154276
0.992921 , 0.137783
1.05567 , 0.119013
0.894752 , 0.0278842
0.884524 , 0.0946523
2.82369 , -0.0595136
2.76504 , -0.0339618
2.72205 , -0.0421852
2.66297 , -0.0476158
2.60365 , -0.0524386
2.5458 , -0.0619949
2.49954 , -0.0510564
2.44414 , -0.0775702
2.3835 , -0.0669777
2.32898 , -0.0691131
2.28261 , -0.0947801
3.09884 , -0.100138
3.04471 , -0.0766641
2.99062 , -0.0496993
2.93277 , -0.0365599
2.87502 , -0.0229453
2.22501 , -0.0880333
2.16944 , -0.0767278
2.10913 , -0.0636495
2.04783 , -0.0485866
1.98601 , -0.0301563
1.93298 , -0.0370044
1.8811 , -0.00766656
1.81815 , -0.0108065
1.75815 , -0.00617533
1.70434 , -0.00165025
1.64506 , 0.00522114
1.59296 , -0.0184086
1.52839 , -0.00460556
1.46567 , -0.0252065
1.41509 , -0.0448657
1.35541 , -0.0640846
1.30399 , -0.0817646
1.24135 , -0.0977922
1.18698 , -0.0821291
1.07774 , -0.0759019
1.13333 , -0.0746972
1.01697 , -0.0725253
0.956323 , -0.0735687
3.12823 , 0.112458
3.11471 , 0.0461697
3.09139 , -0.0408288
2.97913 , 0.113581
3.04339 , 0.111195
2.82414 , 0.0763859
2.88589 , 0.0648652
2.94281 , 0.0602997
2.60986 , 0.0813782
2.6651 , 0.0501794
2.72637 , 0.0430393
2.78324 , 0.027165
2.35436 , 0.16334
2.39555 , 0.126407
2.50254 , 0.0703733
2.45311 , 0.121994
2.55581 , 0.048926
2.20636 , 0.16609
2.26293 , 0.139174
2.01439 , 0.123212
2.13757 , 0.107415
2.07617 , 0.107866
1.85359 , 0.101139
1.92172 , 0.0839055
1.59983 , 0.105222
1.65204 , 0.0898161
1.71168 , 0.0863349
1.76224 , 0.0551963
1.45276 , 0.0886062
1.50598 , 0.0568562
1.56563 , 0.0494982
1.29125 , 0.111414
1.3495 , 0.0868509
1.11649 , 0.134377
1.17418 , 0.10797
1.23355 , 0.0845019
0.937606 , 0.102317
0.999715 , 0.0862791
1.05888 , 0.0667191
0.914082 , -0.0304943
0.939159 , 0.0373836
2.81657 , -0.0107415
2.70083 , 0.000357553
2.63954 , -0.00428668
2.56383 , -0.0110539
2.4714 , -0.0154675
2.41686 , -0.0300693
2.35769 , -0.016575
2.29535 , -0.0316267
3.04134 , -0.0247919
2.98709 , 0.00643238
2.92393 , 0.0138603
2.85525 , 0.0235047
2.25086 , -0.0415899
2.19887 , -0.0323232
2.13878 , -0.0182413
2.08159 , 0.00273738
1.95503 , 0.0267088
2.01987 , 0.0113697
1.88524 , 0.0383045
1.81547 , 0.0394109
1.45335 , 0.0211299
1.39029 , -0.00270132
1.32989 , -0.0205724
1.27112 , -0.0432058
1.22137 , -0.0342452
1.09689 , -0.0272198
1.1552 , -0.0272823
1.03868 , -0.0284138
0.978267 , -0.0197061
3.06982 , 0.0780191
3.06014 , 0.0193564
3.00587 , 0.0591192
2.32438 , 0.122024
2.37679 , 0.0848691
2.44736 , 0.0615096
2.50408 , 0.0133488
2.18478 , 0.12864
2.24172 , 0.0890477
1.98691 , 0.0752122
2.11951 , 0.0493502
2.05196 , 0.0650029
1.80426 , 0.101421
1.68194 , 0.0455509
1.40932 , 0.0649162
1.61531 , 0.0425619
1.29201 , 0.0583131
1.35247 , 0.0371268
1.1136 , 0.085838
1.17238 , 0.0606889
1.23236 , 0.0321321
0.997568 , 0.0375747
1.05665 , 0.0205133
2.60836 , 0.0281195
2.41443 , 0.0209288
2.36217 , 0.0404082
2.30706 , 0.0169757
2.24669 , 0.0198877
2.18994 , 0.021343
1.28455 , 0.00550667
1.11737 , 0.0242593
1.1786 , 0.0118487
2.30047 , 0.0752018
2.18221 , 0.0650109
0.85 , 0
0.845196 , 0.0487726
0.83097 , 0.0956709
0.807867 , 0.138893
0.776777 , 0.176777
0.738893 , 0.207867
0.695671 , 0.23097
0.648773 , 0.245196
0.6 , 0.25
0.551227 , 0.245196
0.504329 , 0.23097
0.461107 , 0.207867
0.423223 , 0.176777
0.392133 , 0.138893
0.36903 , 0.0956709
0.354804 , 0.0487726
0.35 , 3.06162e-17
0.354804 , -0.0487726
0.36903 , -0.0956709
0.392133 , -0.138893
0.423223 , -0.176777
0.461107 , -0.207867
0.504329 , -0.23097
0.551227 , -0.245196
0.6 , -0.25
0.648773 , -0.245196
0.695671 , -0.23097
0.738893 , -0.207867
0.776777 , -0.176777
0.807867 , -0.138893
0.83097 , -0.0956709
0.845196 , -0.0487726
